















































1589,0
3100,1
2652,2
1428,3
3311,4
2843,5
3238,6
1465,7
2205,8
3302,9
3310,10
3310,11
3105,12
3310,13
3099,14
1448,15
139,16
2261,17
2261,18
245,19
282,20
3238,21
3159,22
3310,23
2603,24
2206,25
3160,26
2645,27
3016,28
3231,29
3201,30
3151,31
3149,32
2857,33
3224,34
3279,35
238,36
3100,37
3106,38
1503,39
2642,40
3000,41
3239,42
163,43
2999,44
2675,45
2679,46
3310,47
1384,48
3310,49
211,50
2232,51
3237,52
1512,53
3242,54
3240,55
3311,56
1572,57
3108,58
2262,59
3287,60
3239,61
3265,62
2870,63
3242,64
1521,65
3304,66
3311,67
2999,68
2221,69
2315,70
3286,71
2316,72
3214,73
2643,74
3269,75
3100,76
3310,77
2208,78
3297,79
2197,80
2652,81
3186,82
2674,83
2639,84
2633,85
2304,86
3272,87
1544,88
3201,89
2880,90
64,16
3285,91
244,92
1498,93
3277,94
1460,95
3285,96
2215,97
2692,98
3294,99
3279,100
1548,101
3006,102
2315,103
1542,104
1370,105
3274,106
3310,107
3310,108
3105,109
3297,110
2197,111
3113,112
3269,113
91,43
2634,114
1447,115
167,116
166,116
169,117
168,117
2283,118
3008,119
3110,120
3241,121
3100,122
2843,123
2989,124
3285,125
2252,126
3161,127
1484,128
3310,129
2634,130
2302,131
3106,132
3154,133
3008,134
2612,135
3113,136
2854,137
2854,138
2692,139
3310,140
3310,141
2242,142
3310,143
2291,144
2300,145
2642,146
2992,147
225,148
3184,149
3239,150
1416,151
2670,152
3212,153
1500,154
3217,155
3006,156
2861,157
3288,158
98,50
3187,159
1524,160
3028,161
3100,162
2634,163
3310,164
3259,165
1461,166
1532,167
3234,168
3028,169
1533,170
3301,171
200,148
3100,172
2693,173
3262,174
1437,175
3242,176
3285,177
2880,178
3280,179
3310,180
1535,181
2992,182
239,183
84,36
237,183
3265,184
3280,185
243,186
242,186
141,92
67,19
2679,187
2252,188
1439,189
2616,190
3028,191
2602,192
3285,193
3277,194
256,195
2267,196
254,195
3288,197
2891,198
2879,199
3160,200
3311,201
2875,202
2608,203
2890,204
3115,205
3302,206
3214,207
1545,208
1390,209
1468,210
3298,211
3272,212
3110,213
1934,214
3047,215
1706,216
2366,217
578,218
2442,219
2228,220
1390,221
68,20
3286,222
2329,223
2332,224
3214,225
1922,226
1811,227
2777,228
2762,229
3069,230
1641,231
2772,232
3194,233
1680,234
1862,235
3045,236
2786,237
2422,238
2735,239
459,240
2923,241
1828,242
3064,243
3228,244
2416,245
398,246
1785,247
3228,248
3070,249
2916,250
755,251
1703,252
436,253
2715,254
1713,255
2921,256
1858,257
1802,258
1616,259
2956,260
3054,261
1703,262
2772,263
1637,264
3137,265
2794,266
363,267
3121,268
3227,269
1610,270
2747,271
1761,272
1784,273
772,274
2720,275
773,276
1713,277
1805,278
2743,279
3289,280
3228,281
2729,282
2402,283
484,284
441,285
2761,286
1618,287
2696,288
1749,289
545,290
1800,291
2769,292
2769,293
589,294
1787,295
3063,296
628,297
2773,298
381,299
1701,300
1854,301
328,267
3195,302
616,303
2395,304
2439,305
2702,306
1657,307
1770,308
2694,309
2730,310
3037,311
1785,312
730,313
379,314
2446,315
2794,316
376,314
2930,317
360,299
3300,318
3300,319
2927,320
2732,321
3044,322
3066,323
2941,324
437,325
2489,326
1737,327
1601,328
2899,329
2946,330
3289,331
2781,332
2756,333
307,246
2412,334
3044,335
2732,336
457,337
3076,338
2725,339
1848,340
2497,341
1807,342
2400,343
2376,344
2718,345
1874,346
622,347
503,348
2721,349
2445,350
3074,351
2918,352
2356,353
3075,354
2918,355
3126,356
2903,357
1715,358
2433,359
2782,360
1680,361
3300,362
3127,363
1715,364
2744,365
2913,366
1704,367
3195,368
579,369
3132,370
314,253
389,325
1797,371
2927,372
2931,373
346,285
1736,374
1736,375
551,376
2905,377
3226,378
2495,379
2928,380
593,381
451,382
450,382
1728,383
2798,384
3227,385
2389,386
3230,387
402,337
3173,388
301,240
2720,389
623,390
463,391
462,391
537,392
3194,393
3034,394
2732,395
2386,396
2495,397
3072,398
3041,399
3069,400
2453,401
547,402
1772,403
556,404
2427,405
3226,406
2450,407
2915,408
2927,409
2923,410
3054,411
345,284
1816,412
2383,413
775,414
1762,415
3063,416
2720,417
2756,418
1699,419
2424,420
2442,421
1654,422
1742,423
2794,424
1934,425
607,426
1638,427
3047,428
2396,429
413,348
1814,430
2754,431
2386,432
2725,433
1763,434
510,435
509,435
2909,436
2899,437
3168,438
1769,439
2379,440
2710,441
2422,442
2787,443
3044,444
3132,445
2422,446
1697,447
525,448
570,449
523,448
1773,450
2762,451
1772,452
1769,453
2755,454
2404,455
3137,456
3053,457
1782,458
1750,459
2395,460
464,392
2932,461
2394,462
3066,463
3293,464
3038,465
1706,466
2904,467
351,290
1925,468
474,402
3044,469
3044,470
1791,471
444,376
553,472
552,472
2902,473
3035,474
476,404
2902,475
2902,476
3227,477
2489,478
3198,479
2769,480
564,481
563,481
2698,482
2698,483
3135,484
2719,485
3130,486
524,449
2415,487
2453,488
2719,489
1931,490
2933,491
3293,492
1664,493
278,218
434,369
2755,494
1804,495
1810,496
2708,497
1924,498
2389,499
2360,500
2759,501
2778,502
355,294
2367,503
2443,504
1816,505
449,381
1633,506
2786,507
1800,508
2933,509
3194,510
2425,511
1698,512
2450,513
2435,514
1869,515
2395,516
3072,517
2903,518
499,426
3134,519
1853,520
1683,521
2704,522
777,523
1927,524
2915,525
3134,526
365,303
2771,527
3227,528
620,529
619,529
3047,530
412,347
461,390
1837,531
626,532
625,532
2490,533
358,297
3293,534
742,535
2447,536
3273,537
2698,538
2926,539
1849,540
2465,541
2436,542
1854,543
2380,544
2346,545
2350,546
3293,547
3116,548
3167,549
2787,550
3132,551
1916,552
3300,553
1806,554
1718,555
664,556
1231,557
805,558
1051,559
681,560
823,561
715,562
2512,563
1055,564
1320,565
1258,566
1312,567
1223,568
651,556
1204,569
842,570
1089,571
2078,572
1360,573
1879,574
2114,575
1185,576
905,577
1259,578
1023,579
1324,580
2083,581
2072,582
2036,583
869,584
655,560
2577,585
819,586
1168,587
2968,588
2481,589
1876,590
2019,591
914,592
1158,593
1262,594
850,595
838,596
987,597
2526,598
1230,599
973,600
2141,601
3142,602
1883,603
1218,604
1192,605
1132,606
1003,607
1289,608
1325,609
2071,610
1173,611
859,612
2014,613
1283,614
3080,615
1904,616
2140,617
657,562
846,618
931,619
1145,620
2489,621
1920,622
3300,623
3130,624
2958,625
1629,626
2756,627
3041,628
3133,629
2694,630
2694,631
375,313
2374,632
1936,633
1616,634
2902,635
3168,636
1923,637
1927,638
3175,639
2492,640
2792,641
2492,642
630,535
3138,643
1664,644
2492,645
3293,646
3293,647
2743,648
3194,649
3194,650
2355,651
2494,652
2956,653
1665,654
312,251
1611,655
3293,656
3035,657
2376,658
1936,659
2362,660
2958,661
2761,662
765,663
764,663
769,664
1941,665
3194,666
766,664
2794,667
1932,668
335,274
337,276
2450,669
487,414
2452,670
612,523
2830,671
2952,672
927,673
964,674
2830,675
2537,676
1268,677
1056,678
2093,679
1311,680
865,681
1234,682
1253,683
1232,684
2037,685
1347,686
2056,687
1188,688
2804,689
1172,690
958,691
2790,692
881,693
1965,694
1952,695
2803,696
2570,697
653,558
1992,698
2034,699
2481,700
2101,701
1148,702
1243,703
2134,704
1069,705
1228,706
2972,707
2033,708
2589,709
1279,710
683,586
2834,711
1904,712
972,713
656,561
3249,714
899,715
872,716
1884,717
2010,718
2101,719
942,720
1085,721
984,722
1271,723
926,724
1142,725
1963,726
1184,727
693,596
2164,728
2543,729
2596,730
666,570
2789,731
2967,732
2511,733
716,618
860,734
2804,735
1982,736
692,595
1367,737
2967,738
3081,739
1884,740
1219,741
1174,742
1144,743
1229,744
709,612
847,734
1240,745
996,746
1310,747
2109,748
788,681
3080,749
1068,750
1270,751
680,584
2967,752
1238,753
826,716
1125,754
1889,755
1330,756
1890,757
2121,758
2084,759
1966,760
1035,761
800,693
1099,762
1987,763
1034,764
1180,765
2095,766
1236,767
2525,768
1957,769
2588,770
2809,771
970,772
1181,773
1121,774
1171,775
1067,776
2970,777
2069,778
825,715
1208,779
2538,780
990,781
3077,782
1163,783
673,577
1995,784
2041,785
2145,786
2126,787
994,788
1109,789
1972,790
2148,791
689,592
2596,792
1293,793
2003,794
2529,795
1255,796
938,797
2103,798
2790,799
2521,800
1103,801
2555,802
834,724
780,673
2105,803
2952,804
2539,805
717,619
2086,806
935,807
1251,808
933,807
1260,809
2484,810
920,797
1897,811
1117,812
2530,813
830,720
1981,814
2054,815
1043,816
1189,817
1963,818
949,819
948,819
3078,820
952,821
951,821
954,822
953,822
1338,823
2052,824
1206,825
798,691
1178,826
1048,827
1001,828
2032,829
2825,830
781,674
2113,831
2122,832
2970,833
2050,834
2546,835
892,772
2569,836
822,713
697,600
1063,837
1956,838
1889,839
1987,840
979,841
978,841
1341,842
982,843
981,843
2012,844
832,722
1985,845
1299,846
694,597
1088,847
992,848
902,781
1098,849
989,848
2788,850
910,788
2023,851
862,746
1315,852
1252,853
1296,854
2019,855
961,828
3249,856
704,607
1876,857
1272,858
1026,859
2106,860
1009,861
1008,861
1042,862
2025,863
1128,864
2031,865
1015,866
1014,866
2804,867
2030,868
2015,869
1157,870
1021,871
1020,871
1966,872
675,579
2116,873
2030,874
1006,859
2599,875
1058,876
1037,877
1052,878
1071,879
2100,880
2960,881
884,764
880,761
2036,882
1029,877
2037,883
1326,884
2069,885
1309,886
1010,862
945,816
2039,887
1314,888
2547,889
2021,890
960,827
2115,891
2102,892
654,559
1030,878
2045,893
1061,894
659,564
785,678
2049,895
1028,876
2049,896
2509,897
1054,894
1893,898
974,837
1065,899
1064,899
1130,900
896,776
867,750
813,705
2477,901
1031,879
1883,902
1074,903
1073,903
1118,904
1077,905
1076,905
2008,906
1177,907
2543,908
1968,909
1912,910
1250,911
1265,912
831,721
2967,913
2599,914
988,847
667,571
1261,915
2817,916
3249,917
3249,918
3249,919
2485,920
1640,921
1161,922
991,849
882,762
2511,923
1349,924
1363,925
924,801
1273,926
1106,927
1105,927
1316,928
1182,929
911,789
1111,930
1110,930
2820,931
1122,932
2968,933
2512,934
1137,935
940,812
1075,904
1120,936
1119,936
894,774
1113,932
2824,937
2122,938
873,754
2077,939
2077,940
1012,864
2089,941
1066,900
2078,942
703,606
1134,943
1133,943
2525,944
1949,945
1116,935
1346,946
2510,947
1141,948
1140,948
835,725
1881,949
857,743
718,620
1147,950
1146,950
810,702
2568,951
2568,952
2505,953
2505,954
2510,955
1203,956
2018,957
2508,958
1019,870
690,593
2812,959
2145,960
1097,922
2115,961
904,783
1190,962
1201,963
2025,964
2106,965
684,587
1170,966
1169,966
895,775
797,690
708,611
856,742
1269,967
2091,968
1079,907
959,826
2096,969
885,765
893,773
1108,929
2810,970
837,727
672,576
1187,971
1186,971
795,688
946,817
1164,962
1211,972
702,605
1215,973
2966,974
1196,975
1195,975
2569,976
1288,977
1988,978
2089,979
1165,963
2093,980
1154,956
665,569
2087,981
957,825
2102,982
900,779
1348,983
1953,984
1191,972
2096,985
2002,986
1354,987
1193,973
1898,988
2104,989
701,604
855,741
1877,990
1989,991
2108,992
663,568
2511,993
2827,994
1877,995
1985,996
814,706
858,744
696,599
652,557
791,684
3143,997
789,682
1241,998
887,767
1245,999
871,753
2120,1000
861,745
1235,998
2818,1001
811,703
3082,1002
1237,999
1287,1003
1890,1004
2112,1005
2571,1006
1083,911
934,808
998,853
790,683
2537,1007
919,796
1266,1008
2509,1009
661,566
674,578
936,809
1090,915
691,594
1264,1010
1263,1010
1084,912
1256,1008
2148,1011
784,677
1175,967
868,751
833,723
1005,858
1104,926
2121,1012
1276,1013
1275,1013
1951,1014
2486,1015
818,710
2017,1016
2576,1017
2068,1018
711,614
2807,1019
1286,1020
1285,1020
1246,1003
1198,977
705,608
2127,1021
1949,1022
2052,1023
916,793
2125,1024
2133,1025
999,854
1298,1026
1297,1026
986,846
1301,1027
1300,1027
1977,1028
1304,1029
1303,1029
2800,1030
2519,1031
2964,1032
3080,1033
1041,886
863,747
787,680
662,567
2521,1034
1045,888
997,852
1107,928
1318,1035
1317,1035
1967,1036
660,565
1322,1037
1321,1037
1340,1038
676,580
706,609
1039,884
2964,1039
2590,1040
2510,1041
875,756
2146,1042
2961,1043
2087,1044
2481,1045
2593,1046
2152,1047
2152,1048
955,823
2020,1049
1323,1038
980,842
2962,1050
2595,1051
2599,1052
2076,1053
1138,946
793,686
1209,983
1101,924
2810,1054
2155,1055
2530,1056
2016,1057
1214,987
2596,1058
2790,1059
2160,1060
1964,1061
1911,1062
669,573
2533,1063
2533,1064
1102,925
2141,1065
2001,1066
2153,1067
851,737
3143,1068
2462,1069 3269,1070
154,105 3311,1071
1569,1072 2861,1073
2171,1074 3310,1075
3136,1076 3160,1077
2600,1078 3104,1079
2207,1080 3106,1081
3030,1082 3285,1083
2023,1084 3186,1085
2988,1086 3027,1087
2281,1088 2876,1089
1408,1090 2207,1091
2964,1092 3243,1093
2316,1094 3288,1095
1467,1096 2871,1097
96,48 2890,1098
2272,1099 3288,1100
1439,1101 2737,1102
2993,1103 3302,1104
1526,1105 3311,1106
3307,1107 3311,1108
269,209 281,221
2854,1109 3246,1110
3003,1111 3110,1112
1523,1113 3098,1114
1432,1115 2868,1116
1454,1117 3237,1118
2667,1119 3238,1120
1484,1121 3310,1122
2609,1123 2653,1124
2609,1125 2653,1126
2609,1127 2653,1128
1596,1129 2854,1130
3307,1131 3311,1132
3307,1133 3311,1134
3090,1135 3203,1136
2258,1137 3311,1138
2283,1139 3155,1140
2639,1141 3151,1142
1380,1090 2207,1143
1525,1144 2667,1145
2627,1146 3113,1147
1592,1148 3310,1149
2632,1150 3296,1151
3090,1152 3203,1153
1569,1154 2267,1155
2231,1156 2928,1157
203,151 3311,1158
1522,1159 2322,1160
1588,1161 3184,1162
1513,1163 2566,1164
2655,1165 3305,1166
2656,1167 3311,1168
2306,1169 3021,1170
3238,1171 3287,1172
1451,1173 2659,1174
2656,1175 3311,1176
3286,1177 3288,1178
3021,1179 3208,1180
51,3 3241,1181
2656,1182 3311,1183
1964,1184 3110,1185
2880,1186 3117,1187
1394,1115 2868,1188
2222,1189 3007,1190
2849,1191 3275,1192
1488,1193 2238,1194
3012,1195 3217,1196
229,175 3109,1197
2239,1198 3259,1199
248,189 1386,1101
2985,1200 3158,1201
2462,1202 3269,1203
3305,1204 3311,1205
2246,1206 3151,1207
2841,1208 3111,1209
3158,1210 3224,1211
2273,1212 3030,1213
165,115 2266,1214
63,15 2791,1215
1557,1216 2455,1217
1517,1218 2848,1219
1424,1173 1536,1220
2039,1221 3275,1222
1534,1223 3184,1224
1395,1117 3287,1225
2250,1226 2866,1227
2633,1228 2875,1229
1694,1230 2841,1231
2310,1232 3018,1233
3083,1234 3112,1235
144,95 2994,1236
219,166 3311,1237
2187,1238 3310,1239
1568,1240 3231,1241
1550,1242 2977,1243
55,7 2682,1244
2862,1245 3208,1246
1383,1096 2871,1247
270,210 2114,1248
2861,1249 3155,1250
2224,1251 3275,1252
2224,1253 3275,1254
2296,1255 3277,1256
1573,1257 3269,1258
2215,1259 2995,1260
2662,1261 3279,1262
2662,1263 3184,1264
2877,1265 2960,1266
3253,1267 3254,1268
3217,1269 3304,1270
2845,1271 2873,1272
2885,1273 3008,1274
1556,1275 2603,1276
1508,1277 2182,1278
180,128 1397,1121
3090,1279 3203,1280
3308,1281 3311,1282
1515,1283 3160,1284
1435,1193 2238,1285
2976,1286 3242,1287
1580,1288 3311,1289
3101,1290 3113,1291
3128,1292 3147,1293
2985,1294 3310,1295
3103,1296 3299,1297
2867,1298 3297,1299
3212,1300 3214,1301
2054,1302 2299,1303
142,93 3218,1304
3263,1305 3277,1306
206,154 1989,1307
2245,1308 2311,1309
2170,1310 3269,1311
87,39 2561,1312
1560,1313 3311,1314
3231,1315 3233,1316
2654,1317 3310,1318
2654,1319 3310,1320
1483,1277 2616,1321
2258,1322 3201,1323
1523,1324 3098,1325
2975,1326 3301,1327
101,53 1561,1328
1419,1163 3003,1329
3083,1330 3305,1331
1487,1283 3160,1332
2221,1333 2819,1334
1450,1218 2848,1335
1555,1336 1556,1337
2817,1338 2848,1339
2308,1340 3234,1341
113,65 2107,1342
1417,1159 2322,1343
1393,1113 1510,1324
213,160 3238,1344
1409,1144 2270,1345
1388,1105 3311,1346
3214,1347 3311,1348
2624,1349 2878,1350
3117,1351 3310,1352
2835,1353 2883,1354
2191,1355 3310,1356
220,167 2191,1357
223,170 2191,1358
1453,1223 3184,1359
235,181 3003,1360
1451,1220 2659,1361
3007,1362 3050,1363
2278,1364 3108,1365
2281,1366 2876,1367
2880,1368 3155,1369
2192,1370 2872,1371
153,104 2976,1372
2987,1373 3096,1374
136,88 3105,1375
268,208 3310,1376
2200,1377 2537,1378
2663,1379 3243,1380
150,101 3311,1381
2188,1382 2645,1383
1464,1242 2271,1384
3263,1385 3275,1386
2999,1387 3231,1388
1562,1389 2814,1390
2286,1391 3030,1392
1518,1336 3302,1393
1482,1275 1518,1337
1449,1216 2892,1394
3157,1395 3309,1396
2988,1397 3027,1398
1504,1313 3168,1399
1512,1328 3203,1400
1553,1389 3104,1401
1565,1402 3301,1403
1565,1404 3301,1405
1563,1402 1564,1404
3155,1406 3310,1407
3275,1408 3302,1409
1463,1240 2655,1410
1371,1072 1414,1154
2316,1411 3288,1412
2318,1413 3028,1414
105,57 2296,1415
1473,1257 3269,1416
2273,1417 3030,1418
2220,1419 2817,1420
2222,1421 3007,1422
2302,1423 3301,1424
3307,1425 3311,1426
3201,1427 3311,1428
1490,1288 2154,1429
2478,1430 2775,1431
3246,1432 3310,1433
3255,1434 3294,1435
3246,1436 3310,1437
2333,1438 2882,1439
2642,1440 3151,1441
2317,1442 2518,1443
1418,1161 3184,1444
48,0 2584,1445
2252,1446 2722,1447
1998,1448 2665,1449
1411,1148 3310,1450
2253,1451 3099,1452
2752,1453 2783,1454
2393,1455 3063,1456
1401,1129 2927,1457
1775,1458 1778,1459
1700,1460 1796,1461
3195,1462 3289,1463
2941,1464 3139,1465
392,328 2345,1466
1700,1467 1796,1468
1605,1469 2388,1470
1641,1471 3198,1472
1603,1469 2765,1473
1837,1474 2797,1475
2759,1476 3126,1477
3034,1478 3177,1479
2002,1480 3062,1481
331,270 2762,1482
756,655 1797,1483
1812,1484 1862,1485
2343,1486 2747,1487
1922,1488 3229,1489
2355,1490 2472,1491
320,259 733,634
2497,1492 2708,1493
348,287 3289,1494
1841,1495 2337,1496
3195,1497 3289,1498
3199,1499 3289,1500
1626,1501 3057,1502
1868,1503 2342,1504
1712,1505 2724,1506
2381,1507 2901,1508
1622,1501 3057,1509
2015,1510 3038,1511
2681,1512 2775,1513
724,626 3038,1514
3139,1515 3170,1516
2887,1517 3273,1518
2936,1519 3200,1520
594,506 2738,1521
2323,1522 2387,1523
2468,1524 3244,1525
1920,1526 3293,1527
325,264 1807,1528
500,427 2475,1529
2406,1530 3045,1531
1096,921 1663,1532
292,231 1604,1471
2360,1533 2386,1534
1666,1535 3074,1536
2382,1537 2918,1538
1914,1539 2934,1540
2797,1541 2957,1542
3056,1543 3215,1544
2622,1545 3227,1546
2926,1547 3127,1548
1832,1549 2733,1550
2396,1551 2474,1552
2706,1553 3134,1554
2409,1555 3039,1556
495,422 3293,1557
2703,1558 3306,1559
2418,1560 3164,1561
369,307 3167,1562
1822,1563 2714,1564
3118,1565 3122,1566
1771,1567 2375,1568
1788,1569 3035,1570
2926,1571 3127,1572
1640,1532 3167,1573
577,493 744,644
754,654 3039,1574
1643,1535 3074,1575
2773,1576 3134,1577
3032,1578 3036,1579
3292,1580 3300,1581
1870,1582 3132,1583
1802,1584 2906,1585
2086,1586 3116,1587
2716,1588 2921,1589
1675,1590 2470,1591
1674,1590 2470,1592
2338,1593 3195,1594
1799,1595 2368,1596
2080,1597 2493,1598
2407,1599 2897,1600
295,234 426,361
2498,1601 2906,1602
2441,1603 2718,1604
610,521 2661,1605
1835,1606 2772,1607
2699,1608 2701,1609
3273,1610 3293,1611
2264,1612 2340,1613
1806,1614 3075,1615
1781,1616 3054,1617
2457,1618 3052,1619
1719,1620 3226,1621
1839,1622 2445,1623
1819,1624 1861,1625
1457,1230 2763,1626
1919,1627 2460,1628
1792,1629 2455,1630
522,447 3126,1631
600,512 2433,1632
492,419 2453,1633
1598,1460 1602,1467
361,300 2836,1634
2392,1635 2425,1636
313,252 323,262
432,367 1814,1637
2183,1638 3139,1639
276,216 543,466
2772,1640 3061,1641
1913,1642 3230,1643
1766,1644 2725,1645
1935,1646 2383,1647
2341,1648 3139,1649
1624,1505 2724,1650
316,255 338,277
2578,1651 3120,1652
423,358 429,364
2279,1653 2938,1654
2938,1655 3226,1656
650,555 2720,1657
1691,1620 3226,1658
2400,1659 2487,1660
2204,1661 3056,1662
1788,1663 3035,1664
3118,1665 3122,1666
1879,1667 3125,1668
1728,1669 2460,1670
2798,1671 3042,1672
2390,1673 2391,1674
452,383 1725,1669
1856,1675 2380,1676
1795,1677 3215,1678
2716,1679 2921,1680
2357,1681 3040,1682
1768,1683 2707,1684
2736,1685 2955,1686
2384,1687 3063,1688
442,374 443,375
391,327 3199,1689
2924,1690 3048,1691
1857,1692 2375,1693
1752,1694 2732,1695
3166,1696 3171,1697
496,423 3065,1698
2387,1699 3096,1700
2700,1701 2722,1702
2959,1703 3174,1704
2752,1705 3196,1706
3292,1707 3300,1708
2443,1709 2786,1710
350,289 2936,1711
535,459 2734,1712
3039,1713 3130,1714
1740,1694 1825,1715
2420,1716 2757,1717
1766,1718 2364,1719
2178,1720 2695,1721
2167,1722 3198,1723
2769,1724 3058,1725
2091,1726 2773,1727
3033,1728 3073,1729
1780,1730 2787,1731
333,272 2916,1732
488,415 2725,1733
508,434 3281,1734
1765,1735 2415,1736
1764,1735 2415,1737
1709,1644 1754,1718
2371,1738 2471,1739
1733,1683 2904,1740
514,439 529,453
370,308 2738,1741
1660,1567 2375,1742
475,403 528,452
526,450 1826,1743
1819,1744 1861,1745
1597,1458 1778,1746
2746,1747 3124,1748
1937,1749 2741,1750
1597,1459 1775,1746
1834,1751 2954,1752
1760,1730 2787,1753
1689,1616 3054,1754
534,458 3228,1755
1988,1756 3054,1757
334,273 2424,1758
308,247 374,312
2166,1759 2746,1760
356,295 3049,1761
1661,1569 1722,1663
2785,1762 2928,1763
2423,1764 2932,1765
550,471 3273,1766
1696,1629 2455,1767
1875,1768 2597,1769
2393,1770 3072,1771
1730,1677 3300,1772
1598,1461 1602,1468
438,371 1611,1483
2433,1773 3063,1774
1677,1595 3049,1775
352,291 596,508
3167,1776 3226,1777
319,258 1671,1584
2366,1778 2559,1779
581,495 3276,1780
339,278 3137,1781
649,554 1688,1614
407,342 1637,1528
2941,1782 3192,1783
2759,1784 3126,1785
582,496 2430,1786
288,227 3071,1787
1612,1484 2426,1788
2700,1789 2722,1790
504,430 1704,1637
2528,1791 2761,1792
485,412 592,505
2723,1793 2914,1794
2412,1795 3293,1796
1693,1624 1774,1744
2446,1797 2973,1798
2954,1799 3273,1800
1658,1563 2714,1801
2449,1802 2767,1803
2428,1804 2766,1805
1752,1715 2083,1806
1773,1743 2914,1807
2836,1808 2919,1809
303,242 3300,1810
1850,1811 2954,1812
1851,1813 2436,1814
3062,1815 3170,1816
1650,1549 1833,1817
1832,1817 1943,1818
1779,1751 2771,1819
1684,1606 2574,1820
1842,1821 1843,1822
624,531 1606,1474
2377,1823 2378,1824
1692,1622 3299,1825
2904,1826 2955,1827
1619,1495 2337,1828
1836,1821 2324,1829
1836,1822 2324,1830
2726,1831 3065,1832
1846,1833 2778,1834
1845,1833 2778,1835
2344,1836 2461,1837
405,340 2661,1838
635,540 2442,1839
1829,1811 2908,1840
1830,1813 2436,1841
2368,1842 2465,1843
609,520 2782,1844
362,301 638,543
2457,1845 3177,1846
1729,1675 2380,1847
1739,1692 2947,1848
318,257 3049,1849
3045,1850 3210,1851
2752,1852 2783,1853
1693,1625 1774,1745
296,235 1612,1485
3031,1854 3059,1855
2347,1856 2702,1857
2264,1858 2340,1859
2347,1860 2702,1861
2347,1862 2702,1863
1623,1503 3130,1864
603,515 2785,1865
1670,1582 3132,1866
2718,1867 3075,1868
2615,1869 3047,1870
2809,1871 3038,1872
411,346 2726,1873
1793,1768 1917,1874
687,590 1004,857
1220,990 1226,995
2040,1875 2593,1876
670,574 1724,1667
2605,1877 2827,1878
1143,949 2964,1879
2515,1880 2520,1881
700,603 1072,902
827,717 854,740
2435,1882 2439,1883
2005,1884 2035,1885
2820,1886 2968,1887
2009,1888 2137,1889
874,755 976,839
876,757 1247,1004
1992,1890 2584,1891
2076,1892 2807,1893
1062,898 2544,1894
2572,1895 3012,1896
2973,1897 3050,1898
2515,1899 2520,1900
939,811 2506,1901
1216,988 1905,1902
2149,1903 3249,1904
2484,1905 3197,1906
2142,1907 2588,1908
2081,1909 2082,1910
2517,1911 2834,1912
713,616 821,712
1898,1902 2952,1913
2135,1914 3080,1915
2559,1916 2994,1917
2535,1918 2739,1919
2024,1920 2963,1921
2098,1922 2248,1923
1359,1062 2774,1924
1082,910 2020,1925
1708,1642 3138,1926
1645,1539 2934,1927
3136,1928 3206,1929
647,552 3273,1930
1875,1874 2412,1931
1919,1932 2491,1933
1695,1627 1918,1932
720,622 1636,1526
2706,1934 3134,1935
287,226 1614,1488
736,637 1924,1936
584,498 1923,1936
546,468 3168,1937
2793,1938 3200,1939
613,524 737,638
3074,1940 3283,1941
2398,1942 3005,1943
2335,1944 2494,1945
574,490 1932,1946
771,668 1931,1946
2379,1947 3198,1948
274,214 498,425
1710,1646 2383,1949
732,633 760,659
1777,1749 2741,1950
2900,1951 3197,1952
2780,1953 3069,1954
2498,1955 2906,1956
767,665 3194,1957
2499,1958 3219,1959
1833,1818 2491,1960
2958,1961 3293,1962
1956,1963 2858,1964
2565,1965 2962,1966
2965,1967 3182,1968
2018,1969 2656,1970
1136,945 1291,1022
2088,1971 2217,1972
1277,1014 2829,1973
802,695 2399,1974
1210,984 3179,1975
2791,1976 2972,1977
2820,1978 2968,1979
975,838 1945,1963
889,769 2164,1980
2513,1981 2822,1982
2822,1983 3141,1984
1961,1985 2849,1986
1960,1985 2849,1987
2578,1988 2806,1989
836,726 947,818
1358,1061 1430,1184
801,694 2801,1990
879,760 1022,872
1319,1036 2056,1991
1081,909 2558,1992
2791,1993 2972,1994
2110,1995 2571,1996
2139,1997 2832,1998
912,790 3281,1999
2031,2000 2575,2001
2524,2002 2966,2003
2028,2004 2029,2005
2582,2006 3060,2007
1302,1028 2124,2008
2826,2009 2831,2010
2713,2011 3249,2012
2162,2013 2300,2014
943,814 2973,2015
849,736 2625,2016
2801,2017 2818,2018
2527,2019 2586,2020
985,845 1227,996
2823,2021 3081,2022
883,763 977,840
1199,978 1783,1756
1221,991 1500,1307
2041,2023 2672,2024
2143,2025 2277,2026
806,698 1891,1890
2791,2027 2972,2028
2058,2029 2828,2030
906,784 2426,2031
2534,2032 2805,2033
2813,2034 3236,2035
1591,1448 2560,2036
2570,2037 3143,2038
2138,2039 2297,2040
1365,1066 2146,2041
1213,986 1609,1480
917,794 3170,2042
2008,2043 2276,2044
1886,1884 2506,2045
2021,2046 2810,2047
2555,2048 2970,2049
1078,906 2004,2043
1888,1888 2546,2050
828,718 2790,2051
2043,2052 2529,2053
983,844 2533,2054
2014,2055 2358,2056
710,613 2013,2055
1018,869 1627,1510
1353,1057 2621,2057
1280,1016 3013,2058
1155,957 1948,1969
688,591 1000,855
1339,1049 1912,1925
1047,890 2006,2046
2545,2059 3236,2060
995,851 1377,1084
1909,1920 2963,2061
1011,863 1166,964
2540,2062 2541,2063
2518,2064 2626,2065
1975,2004 2029,2066
1975,2005 2028,2066
1017,868 1025,874
1013,865 1973,2000
962,829 2544,2067
816,708 2214,2068
807,699 2528,2069
1886,1885 2506,2070
679,583 1036,882
792,685 1038,883
2118,2071 2817,2072
1044,887 1452,1221
1878,1875 2593,2073
907,785 1990,2023
2479,2074 3205,2075
2011,2052 2529,2076
2580,2077 3141,2078
1053,893 2774,2079
2047,2080 3303,2081
2046,2080 2965,2082
2053,2083 2675,2084
1057,895 1059,896
968,834 2833,2085
2487,2086 2973,2087
956,824 1292,1023
2048,2083 2675,2088
944,815 1497,1302
2557,2089 2819,2090
794,687 1967,1991
2570,2091 3143,2092
1994,2029 2828,2093
2558,2094 2994,2095
2536,2096 2942,2097
2062,2098 2485,2099
2061,2098 2770,2100
2064,2101 2065,2102
2063,2101 2065,2103
2063,2102 2064,2103
2713,2104 3249,2105
2092,2106 2119,2107
1282,1018 3170,2108
898,778 1040,885
2143,2109 2277,2110
707,610 2572,2111
678,582 3073,2112
2074,2113 2075,2114
2073,2113 2075,2115
2073,2114 2074,2115
1345,1053 1892,1892
1126,939 1127,940
668,572 1131,942
2080,2116 2942,2117
1678,1597 2079,2116
1902,1909 2082,2118
1902,1910 2081,2118
677,581 1825,1806
878,759 3164,2119
2158,2120 2825,2121
932,806 1672,1586
1205,981 1333,1044
1950,1971 2217,2122
1129,941 1200,979
2516,2123 2549,2124
1176,968 1758,1726
2067,2106 2163,2125
786,679 1202,980
2438,2126 2597,2127
886,766 2099,2128
1179,969 1212,985
2132,2129 2483,2130
1910,1922 2248,2131
2095,2128 2974,2132
1032,880 2441,2133
809,701 829,719
1050,892 1207,982
921,798 2830,2134
1217,989 2105,2135
928,803 2104,2135
1007,860 1167,965
1521,1342 2108,2136
1222,992 2107,2136
864,748 2836,2137
1970,1995 2571,2138
2112,2139 2986,2140
1248,1005 2111,2139
965,831 2969,2141
671,575 1468,1248
1049,891 1162,961
1024,873 2887,2142
2577,2143 2807,2144
2038,2071 3158,2145
2067,2107 2163,2146
1239,1000 2830,2147
877,758 1274,1012
966,832 1124,938
2561,2148 2969,2149
1977,2008 3080,2150
1294,1024 3158,2151
909,787 2253,2152
1290,1021 3268,2153
2484,2154 2620,2155
2130,2156 2131,2157
2129,2156 2131,2158
2129,2157 2130,2158
2097,2129 2483,2159
1295,1025 2967,2160
812,704 3299,2161
1906,1914 3080,2162
2581,2163 3216,2164
1888,1889 2621,2165
2000,2039 2297,2166
1971,1997 3082,2167
714,617 2528,2168
698,601 1364,1065
1901,1907 2588,2169
1991,2025 2070,2109
2592,2170 2594,2171
908,786 1160,960
1331,1042 2001,2041
2517,2172 2834,2173
913,791 1267,1011
1899,1903 3249,2174
2564,2175 3078,2176
2592,2177 2594,2178
1336,1047 1337,1048
1366,1067 3081,2179
1580,1429 2543,2180
1351,1055 3142,2181
2157,2182 2595,2183
2156,2182 2595,2184
2085,2120 2159,2185
2158,2185 3305,2186
1357,1060 2846,2187
2789,2188 2960,2189
1980,2013 2539,2190
2092,2125 2119,2146
839,728 1957,1980
2948,2191 3207,2192 3297,2193
1786,1759 2229,2194 2294,2195
1756,1722 2238,2196 3269,2197
3197,2198 3233,2199 3275,2200
2640,2201 2658,2202 3285,2203
1502,1310 3018,2204 3269,2205
1372,1074 2260,2206 3310,2207
3024,2208 3286,2209 3287,2210
2668,2211 2669,2212 3247,2213
2867,2214 3154,2215 3297,2216
2289,2217 3105,2218 3214,2219
2236,2220 2237,2221 3111,2222
2672,2223 2980,2224 3017,2225
1755,1720 2226,2226 3223,2227
2977,2228 3235,2229 3306,2230
2290,2231 3280,2232 3302,2233
2688,2234 3087,2235 3186,2236
1483,1278 2227,2237 3237,2238
1705,1638 2806,2239 2844,2240
2609,2241 2653,2242 3241,2243
2659,2244 2999,2245 3177,2246
2637,2247 2683,2248 3311,2249
1462,1238 3301,2250 3310,2251
1549,1382 2242,2252 3280,2253
2195,2254 2198,2255 2199,2256
2989,2257 2993,2258 3301,2259
1531,1355 1532,1357 1533,1358
1541,1370 2872,2260 3158,2261
2335,2262 3309,2263 3311,2264
2980,2265 2994,2266 3017,2267
2189,2254 2998,2268 3212,2269
2865,2270 3308,2271 3311,2272
128,80 160,111 3311,2273
2189,2255 2998,2274 3212,2275
2189,2256 2998,2276 3212,2277
1546,1377 2319,2278 2894,2279
3265,2280 3279,2281 3310,2282
3151,2283 3286,2284 3287,2285
2853,2286 3001,2287 3224,2288
1721,1661 3215,2289 3297,2290
56,8 2976,2291 2999,2292
73,25 3251,2293 3295,2294
1375,1080 1380,1091 1408,1143
126,78 2209,2295 2618,2296
2208,2295 3301,2297 3302,2298
2258,2299 3305,2300 3311,2301
2813,2302 3236,2303 3237,2304
2312,2305 2868,2306 3301,2307
2325,2308 2521,2309 3277,2310
2033,2068 2627,2311 3236,2312
146,97 1474,1259 3279,2313
3084,2314 3309,2315 3311,2316
1950,1972 2088,2122 3239,2317
2589,2318 2859,2319 3004,2320
3005,2321 3092,2322 3286,2323
1575,1419 2977,2324 3190,2325
117,69 1516,1333 2651,2326
1433,1189 1576,1421 3007,2327
2665,2328 3093,2329 3294,2330
1470,1251 1471,1253 3275,2331
2638,2332 3110,2333 3279,2334
2178,2226 2780,2335 3223,2336
2182,2237 2843,2337 3279,2338
280,220 3201,2339 3311,2340
2166,2194 3187,2341 3218,2342
3009,2343 3097,2344 3306,2345
1415,1156 2644,2346 3311,2347
99,51 3237,2348 3241,2349
2234,2350 2321,2351 3265,2352
2233,2350 2240,2353 3286,2354
2662,2355 2894,2356 2985,2357
2176,2220 2237,2358 3288,2359
2176,2221 2236,2358 3111,2360
1435,1194 1488,1285 2167,2196
1438,1198 3022,2361 3218,2362
2234,2353 3151,2363 3287,2364
3241,2365 3280,2366 3310,2367
194,142 2188,2252 3110,2368
3216,2369 3233,2370 3268,2371
2276,2372 2841,2373 2936,2374
1501,1308 2314,2375 2658,2376
1443,1206 2332,2377 3151,2378
2647,2379 2869,2380 3286,2381
1910,1923 2098,2131 3233,2382
2647,2383 2869,2384 2870,2385
1455,1226 2648,2386 2852,2387
2905,2388 3051,2389 3242,2390
178,126 247,188 1590,1446
1593,1451 2126,2152 3064,2391
2255,2392 3253,2393 3254,2394
2254,2392 3253,2395 3254,2396
2612,2397 3099,2398 3310,2399
3015,2400 3188,2401 3305,2402
1405,1137 1509,1322 2210,2299
2602,2403 2680,2404 3215,2405
2171,2206 2301,2406 2889,2407
65,17 66,18 3301,2408
107,59 2800,2409 2809,2410
3296,2411 3309,2412 3311,2413
1687,1612 1865,1858 3242,2414
2997,2415 3231,2416 3241,2417
1447,1214 2478,2418 2567,2419
255,196 1414,1155 2861,2420
2676,2421 2925,2422 3256,2423
2650,2424 3262,2425 3305,2426
1525,1345 3104,2427 3163,2428
1550,1384 2877,2429 3142,2430
1385,1099 3238,2431 3265,2432
1446,1212 1574,1417 3109,2433
3187,2434 3307,2435 3309,2436
3024,2437 3163,2438 3310,2439
2004,2044 2244,2372 2841,2440
1991,2026 2070,2110 2841,2441
1538,1364 3108,2442 3262,2443
1716,1653 2899,2444 3008,2445
2882,2446 3023,2447 3026,2448
1379,1088 1539,1366 3191,2449
2546,2450 2823,2451 3149,2452
170,118 1406,1139 2688,2453
2429,2454 2835,2455 2883,2456
3012,2457 3144,2458 3217,2459
1554,1391 2680,2460 3104,2461
3211,2462 3253,2463 3254,2464
2290,2465 3280,2466 3302,2467
2175,2217 3105,2468 3214,2469
2180,2231 2288,2465 2670,2470
196,144 2999,2471 3231,2472
2303,2473 2835,2474 2883,2475
2304,2476 2642,2477 3310,2478
2166,2195 3262,2479 3308,2480
3212,2481 3244,2482 3283,2483
1472,1255 1572,1415 2961,2484
2000,2040 2138,2166 3242,2485
2660,2486 3111,2487 3288,2488
1497,1303 3237,2489 3279,2490
197,145 1980,2014 2539,2491
2260,2406 2618,2492 2889,2493
183,131 1577,1423 3301,2494
2292,2473 2835,2495 2883,2496
134,86 2293,2476 2679,2497
2306,2498 2505,2499 2995,2500
1422,1169 2305,2498 3021,2501
3115,2502 3234,2503 3307,2504
1520,1340 2851,2505 3189,2506
2479,2507 2978,2508 3272,2509
1458,1232 2878,2510 3231,2511
1501,1309 3099,2512 3285,2513
2212,2305 3149,2514 3301,2515
2975,2516 2982,2517 3085,2518
2245,2375 2640,2519 3285,2520
118,70 152,103 2633,2521
120,72 1382,1094 1570,1411
1587,1442 2626,2522 2977,2523
1571,1413 2822,2524 3184,2525
2200,2278 2693,2526 3208,2527
3164,2528 3240,2529 3281,2530
2233,2351 2667,2531 3088,2532
1417,1160 1522,1343 3241,2533
1634,1522 2420,2534 2872,2535
1842,1829 1843,1830 2698,2536
2213,2308 2601,2537 2661,2538
2750,2539 2833,2540 2873,2541
2837,2542 2881,2543 3264,2544
3163,2545 3286,2546 3288,2547
284,223 2690,2548 3165,2549
2420,2550 2872,2551 3224,2552
2483,2553 3255,2554 3294,2555
285,224 2246,2377 2852,2556
1585,1438 2655,2557 3057,2558
2605,2559 2692,2560 2827,2561
1930,1944 2193,2262 2494,2562
2680,2563 3099,2564 3285,2565
1619,1496 1841,1828 2458,2566
1676,1593 2385,2567 3195,2568
2416,2569 2417,2570 2736,2571
1687,1613 1865,1859 3273,2572
1711,1648 3073,2573 3125,2574
1623,1504 2710,2575 2761,2576
1613,1486 2448,2577 2747,2578
1847,1836 2461,2579 3132,2580
1601,1466 2710,2581 3033,2582
640,545 3121,2583 3168,2584
1864,1856 1866,1860 1867,1862
2699,2585 2734,2586 3061,2587
2935,2588 3066,2589 3292,2590
641,546 3227,2591 3228,2592
2701,2593 3039,2594 3130,2595
2411,2596 2777,2597 2936,2598
2934,2599 3202,2600 3295,2601
3125,2602 3263,2603 3303,2604
751,651 1615,1490 2472,2605
418,353 3209,2606 3264,2607
1732,1681 2677,2608 2753,2609
2013,2056 2464,2610 2920,2611
2765,2612 2795,2613 3289,2614
586,500 1642,1533 2445,2615
2898,2616 2907,2617 2943,2618
761,660 2382,2619 2918,2620
3135,2621 3145,2622 3178,2623
1754,1719 2390,2624 2391,2625
2413,2626 2908,2627 3051,2628
277,217 1803,1778 2756,2629
590,503 2763,2630 3071,2631
1677,1596 1852,1842 2465,2632
3037,2633 3129,2634 3248,2635
2939,2636 2956,2637 3292,2638
1767,1738 3064,2639 3175,2640
2802,2641 2953,2642 3136,2643
2898,2644 2907,2645 2943,2646
731,632 2926,2647 3074,2648
1660,1568 1739,1693 1771,1742
409,344 759,658 2775,2649
1838,1823 2467,2650 2781,2651
1838,1824 2467,2652 2781,2653
515,440 1933,1947 3019,2654
639,544 1729,1676 1856,1847
1625,1507 2703,2655 2712,2656
1644,1537 2362,2619 2490,2657
486,413 1710,1647 1935,1949
1735,1687 2741,2658 3293,2659
2338,2567 3031,2660 3059,2661
468,396 506,432 1642,1534
1634,1523 1743,1699 3125,2662
1603,1470 2740,2663 3041,2664
455,386 585,499 3092,2665
1727,1673 2364,2624 2399,2666
1727,1674 2364,2625 2399,2667
1702,1635 2964,2668 3116,2669
1595,1455 1794,1770 2955,2670
539,462 2716,2671 2921,2672
366,304 536,460 604,516
502,429 1651,1551 2460,2673
2815,2674 3174,2675 3256,2676
1929,1942 3057,2677 3168,2678
1952,1974 2390,2666 2391,2667
408,343 1720,1659 3040,2679
2737,2680 3031,2681 3059,2682
344,283 2734,2683 3061,2684
3031,2685 3059,2686 3195,2687
531,455 2476,2688 3040,2689
2451,2690 2579,2691 3038,2692
1639,1530 3045,2693 3128,2694
1679,1599 2897,2695 3177,2696
2448,2697 3069,2698 3194,2699
1653,1555 3034,2700 3130,2701
2735,2702 2898,2703 2907,2704
2352,2596 2743,2705 2777,2706
399,334 1818,1795 1917,1931
2365,2626 2459,2707 3200,2708
2847,2709 2903,2710 3190,2711
571,487 1764,1736 1765,1737
306,245 2339,2569 2736,2712
2339,2570 2729,2713 2904,2714
1656,1560 2419,2715 3144,2716
2418,2715 2914,2717 3164,2718
1753,1716 2323,2534 2330,2550
2495,2719 3119,2720 3177,2721
299,238 517,442 521,446
1790,1764 2949,2722 2950,2723
493,420 1784,1758 2430,2724
599,511 1702,1636 2448,2725
1812,1788 1995,2031 3116,2726
477,405 2785,2727 2928,2728
1824,1804 2766,2729 2767,2730
2284,2454 2538,2731 2908,2732
1810,1786 2424,2724 2747,2733
2740,2734 2765,2735 3041,2736
3052,2737 3119,2738 3177,2739
424,359 1698,1632 1798,1773
2768,2740 3033,2741 3062,2742
602,514 1885,1882 2439,2743
637,542 1830,1814 1851,1841
2443,2744 2750,2745 2786,2746
2094,2126 2597,2747 2954,2748
367,305 1885,1883 2435,2743
2911,2749 2912,2750 3120,2751
1682,1603 2100,2133 2718,2752
279,219 494,421 1849,1839
591,504 1748,1709 2437,2744
3064,2753 3081,2754 3092,2755
415,350 1692,1623 2360,2615
377,315 1820,1797 3040,2756
631,536 2922,2757 3273,2758
2343,2577 2408,2697 2425,2725
1823,1802 2766,2759 2767,2760
479,407 601,513 774,669
2405,2690 2579,2761 3038,2762
776,670 2713,2763 2770,2764
473,401 572,488 1699,1633
2456,2765 2568,2766 2704,2767
1449,1217 1696,1630 1792,1767
2454,2765 2738,2768 2774,2769
1690,1618 1855,1845 3053,2770
2337,2566 2782,2771 3127,2772
2413,2707 2908,2773 3051,2774
1695,1628 1725,1670 2396,2673
1847,1837 2344,2579 3132,2775
1369,1069 1441,1202 3198,2776
3018,2777 3019,2778 3198,2779
2358,2610 2920,2780 3140,2781
636,541 1852,1843 2368,2632
2695,2782 3223,2783 3303,2784
2377,2650 2378,2652 2781,2785
1635,1524 2717,2786 3068,2787
3065,2788 3166,2789 3171,2790
1674,1591 1675,1592 2757,2791
1767,1739 3064,2792 3175,2793
1615,1491 2355,2605 3300,2794
3013,2795 3173,2796 3245,2797
1651,1552 2763,2798 3071,2799
1638,1529 2755,2800 3043,2801
2404,2688 2677,2802 2753,2803
1070,901 2566,2804 2845,2805
1581,1430 2266,2418 2567,2806
2042,2074 2309,2507 2581,2807
2575,2808 2803,2809 2824,2810
686,589 808,700 1334,1045
2488,2811 2833,2812 3057,2813
2097,2130 2132,2159 2331,2553
937,810 1900,1905 2128,2154
1095,920 2061,2099 2770,2814
1278,1015 2563,2815 3197,2816
1720,1660 2051,2086 3191,2817
2482,2811 2833,2818 3057,2819
390,326 560,478 719,621
627,533 2382,2657 2918,2820
1918,1933 1943,1960 3072,2821
739,640 741,642 745,645
1678,1598 2687,2822 3167,2823
752,652 1930,1945 2335,2562
447,379 469,397 2421,2719
2617,2824 2838,2825 2916,2826
406,341 1617,1492 3070,2827
1681,1601 1940,1955 2906,2828
1942,1958 3042,2829 3293,2830
2705,2831 3125,2832 3263,2833
2811,2834 2974,2835 3191,2836
2815,2837 2816,2838 3256,2839
2591,2840 2826,2841 2831,2842
2556,2843 2557,2844 2819,2845
1151,953 1152,954 2305,2499
1897,1901 2005,2045 2035,2070
2532,2846 2799,2847 3141,2848
1156,958 3145,2849 3178,2850
1060,897 1257,1009 2966,2851
1139,947 1153,955 1329,1041
845,733 1100,923 1224,993
658,563 1115,934 2531,2852
1958,1981 2822,2853 3141,2854
2562,2855 2788,2856 2812,2857
1882,1880 1896,1899 2520,2858
2090,2123 2549,2859 2969,2860
1903,1911 2147,2172 2834,2861
1587,1443 2027,2064 2626,2862
1306,1031 2523,2863 2881,2864
1882,1881 1896,1900 2515,2858
923,800 1313,1034 2213,2309
2550,2865 2551,2866 2552,2867
2519,2863 2881,2868 3264,2869
1974,2002 3209,2870 3264,2871
888,768 1135,944 2538,2872
695,598 2527,2873 2586,2874
1984,2019 2526,2873 2586,2875
1815,1791 2034,2069 2140,2168
918,795 2011,2053 2043,2076
941,813 1352,1056 2544,2876
2512,2852 3283,2877 3306,2878
2507,2846 2799,2879 3141,2880
1361,1063 1362,1064 2012,2054
1996,2032 2805,2881 2808,2882
1908,1918 2717,2883 3283,2884
2060,2096 3170,2885 3256,2886
783,676 1254,1007 1546,1378
901,780 2429,2731 2525,2872
930,805 2162,2190 2300,2491
2026,2062 2542,2887 2963,2888
2026,2063 2542,2889 2963,2890
2540,2887 2541,2889 2963,2891
840,729 1080,908 2154,2180
1893,1894 2032,2067 2530,2876
2022,2059 2813,2892 3236,2893
969,835 2009,2050 2282,2450
1046,889 2548,2894 2814,2895
2547,2894 2814,2896 3236,2897
2090,2124 2516,2859 2969,2898
2522,2865 2551,2899 2552,2900
2522,2866 2550,2899 2552,2901
2522,2867 2550,2900 2551,2901
2598,2902 2986,2903 3143,2904
2573,2905 2728,2906 2957,2907
925,802 2007,2048 2579,2908
2504,2843 2557,2909 2819,2910
2055,2089 2504,2844 2556,2909
1968,1992 2059,2094 2994,2911
1803,1779 1907,1916 2994,2912
1998,2036 2673,2913 3303,2914
1503,1312 2123,2148 2969,2915
2514,2855 2788,2916 2812,2917
2486,2815 2728,2918 2957,2919
2150,2175 3078,2920 3182,2921
1946,1965 2808,2922 2962,2923
1419,1164 2477,2804 2986,2924
2266,2419 2478,2806 2681,2925
1149,951 1150,952 2454,2766
971,836 1197,976 2606,2926
804,697 1999,2037 2057,2091
1249,1006 1970,1996 2110,2138
1894,1895 2071,2111 3012,2927
2554,2905 2728,2928 2957,2929
1835,1820 2801,2930 2818,2931
1973,2001 2480,2808 2829,2932
1281,1017 2577,2933 2807,2934
682,585 2117,2143 2576,2933
1714,1651 1962,1988 2806,2935
2405,2691 2451,2761 2555,2908
2044,2077 2799,2936 3141,2937
2136,2163 2479,2807 3216,2938
1976,2006 3060,2939 3176,2940
2585,2941 2832,2942 3082,2943
1589,1445 1891,1891 3082,2944
2583,2941 2832,2945 3082,2946
1984,2020 2526,2874 2527,2875
2965,2947 3181,2948 3303,2949
890,770 1901,1908 2142,2169
817,709 2218,2318 2825,2950
1328,1040 3004,2951 3092,2952
2503,2840 2826,2953 2831,2954
2144,2170 2151,2177 2594,2955
1335,1046 1878,1876 2040,2073
2144,2171 2151,2178 2592,2955
1343,1051 2156,2183 2157,2184
841,730 915,792 1355,1058
1793,1769 2094,2127 2438,2747
2553,2902 2845,2956 3143,2957
1027,875 1087,914 1344,1052
1374,1078 2980,2958 3017,2959 3104,2960
2325,2537 3281,2961 3299,2962 3311,2963
251,192 2259,2403 3104,2964 3285,2965
72,24 1482,1276 3280,2966 3302,2967
3271,2968 3274,2969 3276,2970 3291,2971
1880,1877 2334,2559 2692,2972 2827,2973
2569,2926 2865,2974 3156,2975 3298,2976
3205,2977 3211,2978 3308,2979 3311,2980
263,203 3109,2981 3113,2982 3231,2983
1398,1123 1399,1125 1400,1127 2184,2241
3022,2984 3091,2985 3188,2986 3259,2987
2886,2988 3025,2989 3280,2990 3302,2991
187,135 2256,2397 2693,2992 2976,2993
3009,2994 3179,2995 3188,2996 3305,2997
2631,2998 2838,2999 2888,3000 3014,3001
1872,1869 2836,3002 3154,3003 3168,3004
249,190 1508,1321 3165,3005 3242,3006
2496,2824 2856,3007 2888,3008 2916,3009
2208,2296 2301,2492 3301,3010 3302,3011
3159,3012 3257,3013 3284,3014 3311,3015
2128,2155 2740,3016 3044,3017 3269,3018
2016,2057 2137,2165 2669,3019 2764,3020
1648,1545 2864,3021 3156,3022 3240,3023
3101,3024 3133,3025 3196,3026 3224,3027
1528,1349 2878,3028 2879,3029 3117,3030
1982,2016 3159,3031 3262,3032 3309,3033
2027,2065 2317,2522 2518,2862 2925,3034
1410,1146 2214,2311 2863,3035 3236,3036
2981,3037 3020,3038 3144,3039 3307,3040
3090,3041 3151,3042 3203,3043 3286,3044
2682,3045 2891,3046 3155,3047 3310,3048
2614,2998 2856,3049 2888,3050 3014,3051
1412,1150 2857,3052 3262,3053 3311,3054
133,85 1456,1228 2315,2521 3242,3055
164,114 182,130 216,163 3212,3056
3284,3057 3305,3058 3308,3059 3311,3060
3083,3061 3112,3062 3232,3063 3233,3064
2186,2247 2683,3065 3298,3066 3311,3067
2225,2332 3087,3068 3186,3069 3237,3070
132,84 1407,1141 3246,3071 3310,3072
2169,2201 2314,2519 2997,3073 3285,3074
2686,3075 2893,3076 3253,3077 3254,3078
88,40 198,146 1586,1440 2293,2477
122,74 2844,3079 3308,3080 3311,3081
2231,2346 3180,3082 3235,3083 3306,3084
75,27 1549,1383 2843,3085 3310,3086
2971,3087 3094,3088 3116,3089 3261,3090
2247,2379 2249,2383 2869,3091 2870,3092
2250,2386 2866,3093 2896,3094 3001,3095
3153,3096 3192,3097 3271,3098 3276,3099
2269,2424 3146,3100 3239,3101 3262,3102
2221,2326 3111,3103 3184,3104 3242,3105
50,2 129,81 2877,3106 3113,3107
1398,1124 1399,1126 1400,1128 2184,2242
1506,1317 1507,1319 3247,3108 3310,3109
1420,1165 1568,1410 2333,2557 3003,3110
1421,1167 1425,1175 1429,1182 1948,1970
2859,3111 3004,3112 3005,3113 3092,3114
2169,2202 2245,2376 2997,3115 3030,3116
1424,1174 1536,1361 2185,2244 3302,3117
2298,2486 3203,3118 3287,3119 3288,3120
1683,1605 1848,1838 2325,2538 3277,3121
1475,1261 1476,1263 2235,2355 3279,3122
1547,1379 2675,3123 3121,3124 3243,3125
2690,3126 2691,3127 2876,3128 3106,3129
1591,1449 2223,2328 3277,3130 3311,3131
2878,3132 2879,3133 3117,3134 3310,3135
1396,1119 1409,1145 2321,2531 3265,3136
2173,2211 2669,3137 2993,3138 3301,3139
2173,2212 2621,3019 2668,3137 3247,3140
204,152 2290,2470 3280,3141 3302,3142
3180,3143 3233,3144 3235,3145 3306,3146
1990,2024 2177,2223 2771,3147 3137,3148
2560,2913 2674,3149 2821,3150 3097,3151
131,83 2673,3149 3097,3152 3212,3153
93,45 2048,2084 2053,2088 2663,3123
2268,2421 2884,3154 3256,3155 3311,3156
2357,2608 2476,2802 2679,3157 3040,3158
3018,3159 3019,3160 3198,3161 3269,3162
94,46 246,187 2304,2497 2677,3157
2259,2404 2286,2460 2336,2563 3285,3163
1628,1512 2567,2925 2775,3164 3107,3165
1465,1244 2630,3045 2890,3166 2891,3167
2186,2248 2637,3065 3114,3168 3305,3169
3114,3170 3296,3171 3308,3172 3309,3173
3221,3174 3260,3175 3308,3176 3311,3177
2641,3075 2893,3178 3253,3179 3254,3180
2493,2822 2924,3181 3048,3182 3289,3183
2181,2234 2283,2453 3087,3184 3186,3185
3216,3186 3233,3187 3244,3188 3295,3189
2329,2548 2664,3126 2691,3190 3302,3191
2664,3127 2690,3190 2876,3192 3310,3193
147,98 191,139 2334,2560 2605,2972
227,173 2319,2526 2612,2992 2976,3194
371,309 728,630 729,631 2792,3195
1755,1721 2466,2782 2948,3196 3223,3197
349,288 2911,3198 2912,3199 2940,3200
2900,3201 2959,3202 3174,3203 3197,3204
565,482 566,483 633,538 2324,2536
1685,1608 2348,2585 2734,3205 3061,3206
1744,1701 1813,1789 2722,3207 2726,3208
1685,1609 2351,2593 3039,3209 3061,3210
368,306 1864,1857 1866,1861 1867,1863
1655,1558 2381,2655 2712,3211 2901,3212
611,522 2454,2767 2738,3213 2774,3214
2500,2831 3125,3215 3263,3216 3303,3217
1652,1553 1921,1934 2920,3218 3137,3219
1733,1684 2729,3220 3235,3221 3306,3222
583,497 1617,1493 3052,3223 3177,3224
3125,3225 3252,3226 3268,3227 3290,3228
516,441 2342,2575 2345,2581 2755,3229
2863,3230 3126,3231 3196,3232 3226,3233
2381,2656 2703,3211 2901,3234 3306,3235
1979,2011 2066,2104 2452,2763 3249,3236
1658,1564 1822,1801 2766,3237 2767,3238
315,254 2948,3239 3173,3240 3223,3241
1673,1588 1731,1679 2394,2671 2921,3242
2468,2786 2535,2883 3283,3243 3306,3244
410,345 1682,1604 1871,1867 2441,2752
568,485 573,489 2899,3245 3167,3246
336,275 460,389 490,417 1718,1657
414,349 2776,3247 3175,3248 3266,3249
1590,1447 1744,1702 1813,1790 2700,3207
1817,1793 3209,3250 3264,3251 3283,3252
1624,1506 1712,1650 2778,3253 2927,3254
404,339 507,433 1709,1645 1762,1733
1844,1831 1874,1873 2700,3208 2771,3255
2815,3256 2911,3257 2912,3258 3120,3259
2554,2906 2563,2918 2573,2928 2797,3260
343,282 2417,2713 2707,3220 2904,3261
372,310 2931,3262 3228,3263 3290,3264
2802,3265 2953,3266 3136,3267 3258,3268
385,321 401,336 467,395 1740,1695
1650,1550 2905,3269 3051,3270 3266,3271
1750,1712 2348,2586 2402,2683 2699,3205
300,239 2410,2702 2898,3272 2907,3273
1734,1685 2339,2571 2416,2712 2955,3274
1386,1102 2401,2680 3031,3275 3059,3276
1633,1521 1770,1741 2456,2768 2704,3213
1908,1919 2915,3277 3176,3278 3261,3279
2388,2663 2431,2734 2620,3016 2943,3280
1777,1750 1937,1950 2384,2658 3050,3281
3118,3282 3119,3283 3122,3284 3177,3285
340,279 748,648 2411,2705 2777,3286
430,365 2935,3287 3036,3288 3300,3289
3066,3290 3248,3291 3292,3292 3300,3293
1776,1747 1786,1760 3124,3294 3283,3295
332,271 1613,1487 2343,2578 2430,2733
3041,3296 3077,3297 3299,3298 3305,3299
3033,3300 3073,3301 3170,3302 3256,3303
2326,2539 2437,2745 3121,3304 3215,3305
3067,3306 3230,3307 3244,3308 3295,3309
1594,1453 1746,1705 1860,1852 2783,3310
2357,2609 2476,2803 3040,3311 3191,3312
505,431 2887,3313 2923,3314 3058,3315
530,454 580,494 2475,2800 2710,3229
397,333 491,418 725,627 2366,2629
1753,1717 2470,2791 2944,3316 2945,3317
3067,3318 3219,3319 3244,3320 3295,3321
587,501 1607,1476 1809,1784 3126,3322
3026,3323 3076,3324 3102,3325 3258,3326
347,286 763,662 1815,1792 2342,2576
290,229 527,451 1610,1482 3194,3327
1694,1626 2367,2630 2474,2798 3071,3328
2621,3020 2823,3329 3064,3330 3081,3331
1605,1473 2359,2612 2431,2735 3289,3332
1824,1805 2428,2729 2449,2759 2714,3237
1823,1803 2428,2730 2449,2760 2714,3238
2434,2740 2900,3333 3139,3334 3197,3335
353,292 354,293 562,480 1757,1724
2062,2100 2452,2764 2485,2814 3249,3336
617,527 1834,1819 2672,3147 2726,3255
293,232 324,263 1684,1607 1707,1640
359,298 1667,1576 1758,1727 3121,3337
1911,1924 2045,2079 2456,2769 2704,3214
1581,1431 1628,1513 2376,2649 2681,3164
2721,3247 2793,3338 3051,3339 3200,3340
289,228 2352,2597 2411,2706 2743,3286
588,502 1845,1834 1846,1835 2724,3253
3046,3341 3173,3342 3206,3343 3245,3344
1939,1953 2226,2335 3069,3345 3223,3346
396,332 2377,2651 2378,2653 2467,2785
425,360 1853,1844 2458,2771 3127,3347
1594,1454 1860,1853 2752,3310 3236,3348
3065,3349 3075,3350 3166,3351 3171,3352
1789,1762 1869,1865 2427,2727 2928,3353
298,237 595,507 1748,1710 2437,2746
518,443 645,550 1760,1731 1780,1753
993,850 2514,2856 2562,2916 2812,3354
843,731 2161,2188 3142,3355 3306,3356
799,692 922,799 1356,1059 2010,2051
1448,1215 1954,1976 1969,1993 1993,2027
740,641 2694,3195 3209,3357 3264,3358
1926,1938 2776,3338 3175,3359 3200,3360
327,266 378,316 497,424 770,667
2359,2613 2884,3361 3199,3362 3226,3363
3013,3364 3076,3365 3230,3366 3303,3367
1606,1475 1646,1541 2728,3260 2957,3368
453,384 1726,1671 3042,3369 3293,3370
2507,2847 2532,2879 2580,2936 3141,3371
1305,1030 2262,2409 2809,3372 2970,3373
1965,1990 1983,2017 2574,2930 2818,3374
2372,2641 2731,3265 2821,3375 3258,3376
803,696 2480,2809 2824,3377 2829,3378
796,689 848,735 1016,867 2972,3379
1996,2033 2534,2881 2808,3380 2962,3381
1962,1989 2183,2239 2578,2935 3216,3382
1284,1019 1892,1893 2117,2144 2576,2934
2534,2882 2565,2922 2805,3380 2962,3383
891,771 1873,1871 2262,2410 2800,3372
1183,970 1350,1054 2006,2047 2952,3384
2501,2834 2974,3385 3050,3386 3191,3387
1159,959 2514,2857 2562,2917 2788,3354
1997,2034 2211,2302 2545,2892 3236,3388
1553,1390 2547,2895 2548,2896 3236,3389
2397,2674 2502,2837 2727,3256 2816,3390
2502,2838 2815,3390 2911,3391 2912,3392
1091,916 1519,1338 1575,1420 2038,2072
1242,1001 1983,2018 2574,2931 2801,3374
1516,1334 2055,2090 2504,2845 2556,2910
1112,931 1887,1886 1955,1978 2968,3393
2673,3150 2802,3375 2953,3394 3303,3395
1958,1982 1959,1983 2318,2524 2513,2853
1986,2021 2282,2451 2764,3329 3081,3396
1123,937 2480,2810 2803,3377 2829,3397
963,830 2085,2121 2589,2950 2970,3398
1978,2009 2503,2841 2591,2953 2831,3399
1225,994 1880,1878 2334,2561 2605,2973
1994,2030 2058,2093 3209,3400 3264,3401
1951,1973 2575,2932 2803,3378 2824,3397
778,671 782,675 2103,2134 2120,2147
1978,2010 2503,2842 2591,2954 2826,3399
1971,1998 2583,2942 2585,2945 3082,3402
2050,2085 2326,2540 2482,2812 2488,2818
820,711 1903,1912 2147,2173 2517,2861
1530,1353 2284,2455 2292,2474 2303,2495 2883,3403
1701,1634 1827,1808 2109,2137 2615,3002 3154,3404
2327,2542 2983,3405 3181,3406 3209,3407 3264,3408
2496,2825 2614,2999 2856,3409 2888,3410 2916,3411
3147,3412 3150,3413 3187,3414 3253,3415 3254,3416
2960,3417 3235,3418 3275,3419 3281,3420 3306,3421
1444,1208 1457,1231 2244,2373 2276,2440 2277,2441
3206,3422 3216,3423 3296,3424 3305,3425 3311,3426
53,5 175,123 2227,2337 2645,3085 3279,3427
2183,2240 2643,3079 3145,3428 3178,3429 3311,3430
1480,1271 2477,2805 2598,2956 2873,3431 2986,3432
2160,2187 3147,3433 3150,3434 3185,3435 3276,3436
2414,2709 2877,3437 2903,3438 3035,3439 3190,3440
1450,1219 1517,1335 1519,1339 2889,3441 2985,3442
1434,1191 1960,1986 1961,1987 3073,3443 3275,3444
2895,3445 3083,3446 3214,3447 3218,3448 3232,3449
2308,2505 3201,3450 3234,3451 3298,3452 3311,3453
2250,2387 2332,2556 2985,3454 3246,3455 3302,3456
2203,2286 3101,3457 3133,3458 3196,3459 3213,3460
189,137 190,138 1391,1109 1401,1130 3014,3461
3086,3462 3105,3463 3152,3464 3182,3465 3185,3466
2617,3007 2631,3049 2838,3409 2888,3467 3014,3468
81,33 2632,3052 3308,3469 3309,3470 3311,3471
1945,1964 3262,3472 3281,3473 3308,3474 3309,3475
2218,2319 2657,3111 3004,3476 3005,3477 3247,3478
2988,3479 3000,3480 3006,3481 3027,3482 3109,3483
209,157 1371,1073 1469,1249 2267,2420 3208,3484
1466,1245 2892,3485 2992,3486 3016,3487 3208,3488
2627,3035 2711,3230 2938,3489 3126,3490 3226,3491
2622,3021 3011,3492 3298,3493 3299,3494 3307,3495
2196,2270 2606,2974 3298,3496 3299,3497 3304,3498
1455,1227 2648,3093 2896,3499 3001,3500 3246,3501
1495,1298 2174,2214 3154,3502 3223,3503 3297,3504
1394,1116 1432,1188 2212,2306 3247,3505 3301,3506
2247,2380 2249,2384 2647,3091 3090,3507 3203,3508
111,63 2249,2385 2647,3092 3090,3509 3203,3510
1383,1097 1467,1247 3153,3511 3268,3512 3276,3513
1541,1371 2192,2260 2323,2535 2330,2551 3213,3514
1480,1272 2326,2541 2845,3431 2986,3515 3003,3516
3268,3517 3298,3518 3299,3519 3305,3520 3311,3521
262,202 1456,1229 3000,3522 3241,3523 3288,3524
1379,1089 1539,1367 2664,3128 2691,3192 3106,3525
1477,1265 2271,2429 2652,3106 2847,3437 3190,3526
1528,1350 2310,2510 2624,3028 2666,3132 2879,3527
259,199 2624,3029 2666,3133 2878,3527 3310,3528
138,90 232,178 1431,1186 1540,1368 3287,3529
2327,2543 2519,2864 2523,2868 3209,3530 3264,3531
1585,1439 2280,2446 3023,3532 3026,3533 3311,3534
1530,1354 2284,2456 2292,2475 2303,2496 2835,3403
2676,3154 2795,3361 2925,3535 3256,3536 3289,3537
1481,1273 3107,3538 3183,3539 3239,3540 3311,3541
2611,2988 3025,3542 3098,3543 3280,3544 3302,3545
1631,1517 2116,2142 2754,3313 3242,3546 3266,3547
2614,3000 2617,3008 2631,3050 2838,3410 2856,3467
2260,2407 2301,2493 2848,3441 2985,3548 3246,3549
264,204 1384,1098 2682,3166 2891,3550 3155,3551
258,198 2630,3046 2682,3167 2890,3550 3155,3552
1557,1394 2862,3485 2992,3553 3021,3554 3208,3555
2641,3076 2686,3178 3253,3556 3254,3557 3281,3558
2200,2279 2235,2356 3237,3559 3286,3560 3287,3561
2850,3445 3010,3562 3150,3563 3187,3564 3218,3565
2648,3094 2866,3499 3001,3566 3224,3567 3246,3568
1679,1600 2407,2695 3043,3569 3118,3570 3122,3571
2361,2616 2373,2644 2410,2703 2735,3272 2943,3572
393,329 512,437 2279,2444 2719,3245 2938,3573
1938,1951 2697,3201 2768,3333 2941,3574 3139,3575
1625,1508 2703,3212 2712,3234 3251,3576 3306,3577
554,473 557,475 558,476 734,635 3070,3578
422,357 606,518 2414,2710 2847,3438 3190,3579
544,467 1768,1740 1840,1826 2417,2714 2729,3261
445,377 2251,2388 2733,3269 2936,3580 3051,3581
1671,1585 1681,1602 1940,1956 2498,2828 3178,3582
2361,2617 2373,2645 2410,2704 2735,3273 2943,3583
1850,1840 2365,2627 2429,2732 2459,2773 3200,3584
511,436 2910,3585 3032,3586 3036,3587 3300,3588
2909,3585 2935,3589 2939,3590 3032,3591 3036,3592
2440,2749 2696,3198 2727,3257 2816,3391 3120,3593
2440,2750 2696,3199 2727,3258 2816,3392 3120,3594
431,366 2922,3595 2937,3596 3229,3597 3266,3598
1817,1794 1826,1807 2419,2717 3164,3599 3281,3600
480,408 614,525 2739,3277 3060,3601 3261,3602
311,250 1761,1732 2496,2826 2617,3009 2838,3411
2924,3603 3048,3604 3062,3605 3170,3606 3256,3607
417,352 420,355 1644,1538 2362,2620 2490,2820
1827,1809 2998,3608 3049,3609 3056,3610 3215,3611
2358,2611 2464,2780 2706,3218 2947,3612 3134,3613
317,256 1673,1589 1731,1680 2394,2672 2716,3242
2447,2757 2913,3595 2930,3614 3229,3615 3266,3616
302,241 482,410 2754,3314 2930,3617 3200,3618
1738,1690 2687,3181 2917,3603 3048,3619 3167,3620
2268,2422 2626,3034 2884,3535 2942,3621 3174,3622
634,539 1649,1547 1662,1571 2374,2647 3127,3623
384,320 439,372 481,409 1596,1457 2724,3254
448,380 1415,1157 1789,1763 2427,2728 2785,3353
3066,3624 3169,3625 3248,3626 3292,3627 3300,3628
380,317 2922,3614 2923,3617 3229,3629 3266,3630
440,373 2730,3262 3228,3631 3268,3632 3291,3633
538,461 1790,1765 2946,3634 2949,3635 2950,3636
575,491 597,509 2946,3637 2949,3638 2950,3639
1645,1540 1914,1927 2353,2599 3202,3640 3295,3641
2349,2588 2744,3287 2910,3589 3032,3642 3036,3643
1632,1519 1749,1711 2244,2374 2352,2598 2905,3580
2913,3596 3058,3644 3075,3645 3166,3646 3171,3647
1716,1654 1717,1655 2863,3489 2899,3573 3289,3648
2370,2636 2910,3590 2956,3649 3032,3650 3292,3651
2696,3200 3048,3652 3062,3653 3120,3654 3289,3655
388,324 1600,1464 1808,1782 2900,3574 3197,3656
2060,2097 2079,2117 2925,3621 2959,3657 3174,3658
2361,2618 2373,2646 2740,3280 2898,3572 2907,3583
2757,3316 2945,3659 3229,3660 3266,3661 3273,3662
2757,3317 2944,3659 3229,3663 3266,3664 3273,3665
394,330 2932,3634 2933,3637 2949,3666 2950,3667
1857,1848 2920,3612 3140,3668 3227,3669 3228,3670
2165,2191 2695,3196 2715,3239 3173,3671 3223,3672
2423,2722 2932,3635 2933,3638 2946,3666 2950,3673
2423,2723 2932,3636 2933,3639 2946,3667 2949,3673
2971,3674 3176,3675 3244,3676 3261,3677 3283,3678
779,672 929,804 1905,1913 2810,3384 3236,3679
2372,2642 2731,3266 2821,3394 3258,3680 3303,3681
1779,1752 1821,1799 1829,1812 2438,2748 3273,3682
1734,1686 1840,1827 2393,2670 2736,3274 3072,3683
321,260 753,653 2370,2637 2939,3649 3300,3684
1646,1542 2554,2907 2563,2919 2573,2929 2797,3368
723,625 762,661 1944,1961 3273,3685 3293,3686
1745,1703 2697,3202 2942,3657 3174,3687 3256,3688
1033,881 1477,1266 2161,2189 2840,3417 3142,3689
1332,1043 2296,2484 3013,3690 3245,3691 3303,3692
1342,1050 1946,1966 2565,2923 2805,3381 2808,3383
1909,1921 2024,2061 2540,2888 2541,2890 2542,2891
1307,1032 1327,1039 1381,1092 1881,1879 2392,2668
1947,1967 2047,2082 2587,2947 3258,3693 3303,3694
1194,974 1974,2003 2509,2851 3209,3695 3264,3696
844,732 852,738 870,752 1086,913 2133,2160
685,588 1114,933 1887,1887 1955,1979 2820,3393
2113,2141 2123,2149 2516,2860 2549,2898 2561,2915
897,777 967,833 2007,2049 2800,3373 2825,3398
2646,3087 2951,3674 3079,3697 3176,3698 3205,3699
815,707 1954,1977 1969,1994 1993,2028 2804,3379
1820,1798 1895,1897 1981,2015 2051,2087 3191,3700
2099,2132 2501,2835 2811,3385 3050,3701 3191,3702
1511,1326 2313,2516 2979,3703 2982,3704 3085,3705 3247,3706
1489,1286 1542,1372 2205,2291 2612,2993 2693,3194 3208,3707
1464,1243 2179,2228 2220,2324 2317,2523 3113,3708 3272,3709
2309,2508 3023,3710 3102,3711 3190,3712 3258,3713 3304,3714
2975,3703 2982,3715 2993,3716 3149,3717 3247,3718 3301,3719
2177,2224 2194,2265 2600,2958 2989,3720 3098,3721 3302,3722
2628,3037 3240,3723 3298,3724 3304,3725 3307,3726 3311,3727
2313,2517 2975,3704 2979,3715 3085,3728 3149,3729 3301,3730
2837,3405 3097,3731 3181,3732 3206,3733 3217,3734 3305,3735
3089,3736 3101,3737 3133,3738 3196,3739 3213,3740 3224,3741
1440,1200 1493,1294 2235,2357 2848,3442 2852,3454 2889,3548
2111,2140 2553,2903 2566,2924 2845,3432 2873,3515 3143,3742
1543,1373 3193,3743 3204,3744 3225,3745 3250,3746 3311,3747
1378,1086 1559,1397 2860,3479 3000,3748 3006,3749 3214,3750
176,124 2190,2257 2980,3720 3017,3751 3106,3752 3302,3753
3114,3754 3188,3755 3296,3756 3308,3757 3309,3758 3311,3759
3114,3760 3188,3761 3296,3762 3308,3763 3309,3764 3311,3765
199,147 236,182 2862,3486 2892,3553 3016,3766 3021,3767
1387,1103 2190,2258 2668,3138 2979,3716 3085,3768 3247,3769
1460,1236 1907,1917 2059,2095 2194,2266 2558,2911 2559,2912
1474,1260 2305,2500 3016,3770 3087,3771 3186,3772 3279,3773
3114,3774 3188,3775 3296,3776 3308,3777 3309,3778 3311,3779
2265,2415 2640,3073 2658,3115 3099,3780 3285,3781 3302,3782
2195,2268 2198,2274 2199,2276 2919,3608 3056,3783 3215,3784
92,44 116,68 1552,1387 2185,2245 2205,2292 2291,2471
89,41 2860,3480 2875,3522 2988,3748 3006,3785 3027,3786
2203,2287 2648,3095 2866,3500 2896,3566 3158,3787 3213,3788
3089,3789 3101,3790 3133,3791 3196,3792 3213,3793 3224,3794
1392,1111 1513,1329 1535,1360 2655,3110 2873,3516 3231,3795
2218,2320 2590,2951 2657,3112 2859,3476 3005,3796 3092,3797
1929,1943 2219,2321 2657,3113 2859,3477 3004,3796 3092,3798
151,102 208,156 2860,3481 2988,3749 3000,3785 3027,3799
1433,1190 1537,1362 1576,1422 2222,2327 3050,3800 3191,3801
171,119 186,134 1481,1274 2279,2445 3115,3802 3311,3803
2230,2343 2613,2994 3235,3804 3260,3805 3306,3806 3311,3807
2895,3562 3147,3808 3150,3809 3187,3810 3281,3811 3305,3812
2864,3492 3156,3813 3189,3814 3219,3815 3298,3816 3299,3817
1436,1195 1894,1896 2285,2457 2572,2927 3094,3818 3306,3819
2017,2058 2473,2795 2796,3364 2961,3690 3230,3820 3277,3821
2614,3001 2631,3051 2854,3461 2856,3468 3231,3822 3269,3823
2257,2400 3157,3824 3296,3825 3308,3826 3309,3827 3311,3828
76,28 2862,3487 2992,3766 2995,3770 3184,3829 3208,3830
2177,2225 2194,2267 2600,2959 2989,3751 3098,3831 3302,3832
1458,1233 2170,2204 2463,2777 2678,3159 3019,3833 3198,3834
2379,2654 2463,2778 2678,3160 3018,3833 3198,3835 3269,3836
2628,3038 3240,3837 3298,3838 3304,3839 3307,3840 3311,3841
1422,1170 1427,1179 2306,2501 2892,3554 2992,3767 3208,3842
2239,2361 2610,2984 3210,3843 3307,3844 3309,3845 3311,3846
2280,2447 2882,3532 2978,3710 3026,3847 3076,3848 3272,3849
2172,2208 2275,2437 3265,3850 3286,3851 3287,3852 3288,3853
2611,2989 2886,3542 3109,3854 3246,3855 3280,3856 3310,3857
2280,2448 2760,3323 2882,3533 3023,3847 3275,3858 3303,3859
1378,1087 1559,1398 2860,3482 3000,3786 3006,3799 3214,3860
214,161 222,169 250,191 1571,1414 3287,3861 3301,3862
3148,3863 3162,3864 3221,3865 3222,3866 3260,3867 3308,3868
1376,1082 1446,1213 1554,1392 1574,1418 2658,3116 3285,3869
1863,1854 2385,2660 2401,2681 2403,2685 2737,3275 3199,3870
1668,1578 2909,3586 2910,3591 2935,3642 2939,3650 3036,3871
1759,1728 2345,2582 2434,2741 2749,3300 3073,3872 3197,3873
466,394 1608,1478 2409,2700 3052,3874 3053,3875 3061,3876
555,474 758,657 1661,1570 1722,1664 2847,3439 3190,3877
1668,1579 2744,3288 2909,3587 2910,3592 2935,3643 3032,3871
373,311 2369,2633 3129,3878 3248,3879 3292,3880 3300,3881
542,465 1627,1511 1629,1514 1873,1872 2405,2692 2451,2762
1653,1556 1665,1574 1751,1713 2351,2594 2701,3209 3130,3882
1732,1682 2400,2679 2404,2689 2446,2756 2677,3158 2753,3311
471,399 726,628 2388,2664 2431,2736 2748,3296 3263,3883
1726,1672 2499,2829 2798,3369 3070,3884 3202,3885 3295,3886
2475,2801 2897,3569 3053,3887 3118,3888 3119,3889 3122,3890
386,322 400,335 519,444 548,469 549,470 2620,3017
297,236 1639,1531 1859,1850 2406,2693 3128,3891 3306,3892
2779,3341 3068,3893 3136,3894 3173,3895 3206,3896 3245,3897
275,215 501,428 621,530 1872,1870 3121,3898 3168,3899
1738,1691 2687,3182 2917,3604 2924,3619 2940,3652 3167,3900
1787,1761 1799,1775 1858,1849 2919,3609 3056,3901 3215,3902
1537,1363 1895,1898 2741,3281 2811,3386 2974,3701 3007,3800
2251,2389 2365,2628 2459,2774 2733,3270 2776,3339 2905,3581
1690,1619 2432,2737 2708,3223 3034,3874 3119,3903 3177,3904
533,457 2457,2770 3034,3875 3043,3887 3118,3905 3122,3906
322,261 483,411 1689,1617 1781,1754 1783,1757 3121,3907
3123,3908 3131,3909 3169,3910 3172,3911 3248,3912 3292,3913
1647,1543 1721,1662 2919,3610 2998,3783 3049,3901 3215,3914
1622,1502 1626,1509 2333,2558 2398,2677 2482,2813 2488,2819
1757,1725 2754,3315 2937,3644 3075,3915 3166,3916 3171,3917
1863,1855 2385,2661 2401,2682 2403,2686 2737,3276 3199,3918
1976,2007 2582,2939 2915,3601 3079,3919 3176,3920 3261,3921
1707,1641 2348,2587 2402,2684 2699,3206 2701,3210 3034,3876
1609,1481 1831,1815 2434,2742 2917,3605 2940,3653 3170,3922
357,296 489,416 1595,1456 1735,1688 1798,1774 3072,3923
304,243 2253,2391 2371,2639 2444,2753 2471,2792 2764,3330
1742,1698 1844,1832 2469,2788 2784,3349 3166,3924 3171,3925
387,323 540,463 2349,2589 2745,3290 2929,3624 3292,3926
2751,3306 2758,3318 3202,3927 3230,3928 3251,3929 3295,3930
2468,2787 3046,3893 3136,3931 3173,3932 3206,3933 3245,3934
291,230 472,400 1939,1954 2408,2698 2780,3345 3070,3935
310,249 2497,2827 2902,3578 3042,3884 3069,3935 3273,3936
1811,1787 2367,2631 2474,2799 2763,3328 3166,3937 3171,3938
470,398 605,517 1794,1771 2491,2821 2955,3683 3063,3923
1759,1729 2072,2112 2341,2573 2749,3301 2849,3443 3033,3872
416,351 1643,1536 1666,1575 1928,1940 2374,2648 3127,3939
419,354 1688,1615 1871,1868 2784,3350 2937,3645 3058,3915
403,338 2760,3324 2796,3365 3023,3848 3181,3940 3303,3941
903,782 2748,3297 3102,3942 3258,3943 3263,3944 3303,3945
950,820 2150,2176 2564,2920 3182,3946 3235,3947 3306,3948
2971,3697 3060,3919 3176,3949 3244,3950 3261,3951 3283,3952
712,615 866,749 1308,1033 1906,1915 2124,2150 2135,2162
853,739 1986,2022 2153,2179 2444,2754 2764,3331 2823,3396
1244,1002 2139,2167 2583,2943 2584,2944 2585,2946 2832,3402
1459,1234 1514,1330 2636,3061 2850,3446 3112,3953 3218,3954 3232,3955
2216,2314 3096,3956 3148,3957 3234,3958 3304,3959 3309,3960 3311,3961
2313,2518 2975,3705 2982,3728 2993,3768 3149,3962 3247,3963 3301,3964
2855,3462 3152,3965 3179,3966 3182,3967 3185,3968 3309,3969 3311,3970
2181,2235 2638,3068 2688,3184 2995,3771 3088,3971 3237,3972 3279,3973
2321,2532 3087,3971 3090,3974 3186,3975 3203,3976 3237,3977 3279,3978
2984,3736 3002,3789 3101,3979 3133,3980 3196,3981 3213,3982 3224,3983
1404,1135 1413,1152 1485,1279 2629,3041 2869,3507 2870,3509 3088,3974
2610,2985 3145,3984 3156,3985 3157,3986 3178,3987 3211,3988 3307,3989
2219,2322 2389,2665 2444,2755 2590,2952 2657,3114 3004,3797 3005,3798
2223,2329 3148,3990 3210,3991 3221,3992 3251,3993 3284,3994 3309,3995
2646,3088 3012,3818 3146,3996 3261,3997 3305,3998 3308,3999 3311,4000
3257,4001 3284,4002 3304,4003 3305,4004 3308,4005 3309,4006 3311,4007
1543,1374 1743,1700 3084,3956 3153,4008 3270,4009 3274,4010 3276,4011
2230,2344 2673,3151 2674,3152 2983,3731 3243,4012 3275,4013 3306,4014
1393,1114 1510,1325 2886,3543 2980,3721 3017,3831 3099,4015 3285,4016
62,14 1593,1452 2256,2398 2311,2512 2336,2564 2997,3780 3098,4015
49,1 85,37 124,76 174,122 215,162 226,172 3212,4017
1491,1290 2623,3024 2853,3457 2984,3737 3002,3790 3089,3979 3213,4018
2760,3325 2978,3711 3077,3942 3245,4019 3263,4020 3272,4021 3303,4022
1494,1296 3259,4023 3262,4024 3298,4025 3307,4026 3308,4027 3311,4028
1374,1079 1562,1401 2270,2427 2286,2461 2600,2960 2602,2964 3302,4029
60,12 158,109 1544,1375 2175,2218 2289,2468 2855,3463 3161,4030
86,38 184,132 1375,1081 2664,3129 2876,3525 2989,3752 3191,4031
2681,3165 2885,3538 3162,4032 3239,4033 3296,4034 3308,4035 3311,4036
106,58 1538,1365 2278,2442 3262,4037 3296,4038 3305,4039 3311,4040
1437,1197 2273,2433 2608,2981 2860,3483 3025,3854 3280,4041 3310,4042
172,120 273,213 1392,1112 1430,1185 2225,2333 2242,2368 3279,4043
1444,1209 2176,2222 2237,2360 2298,2487 2651,3103 3163,4044 3310,4045
1459,1235 2636,3062 3083,3953 3147,4046 3150,4047 3253,4048 3254,4049
161,112 188,136 1410,1147 1491,1291 2608,2982 2652,3107 2977,3708
2683,3168 2684,3170 2990,3754 2991,3760 2996,3774 3296,4050 3305,4051
265,205 2307,2502 3008,3802 3162,4052 3179,4053 3239,4054 3311,4055
643,548 1672,1587 2392,2669 2426,2726 2646,3089 3138,4056 3205,4057
1431,1187 1529,1351 2624,3030 2666,3134 3241,4058 3286,4059 3287,4060
1659,1565 1723,1665 2742,3282 2897,3570 3043,3888 3053,3905 3119,4061
2421,2720 2432,2738 2742,3283 3043,3889 3052,3903 3118,4061 3122,4062
1714,1652 2440,2751 2727,3259 2911,3593 2912,3594 2940,3654 3199,4063
329,268 2346,2583 2663,3124 2750,3304 2773,3337 3047,3898 3054,3907
1659,1566 1723,1666 2742,3284 2897,3571 3043,3890 3053,3906 3119,4062
3055,3908 3129,4064 3131,4065 3172,4066 3248,4067 3292,4068 3300,4069
1776,1748 2746,3294 3202,4070 3219,4071 3251,4072 3283,4073 3295,4074
1724,1668 2341,2574 2354,2602 2387,2662 2500,2832 2705,3215 2709,3225
421,356 1607,1477 1697,1631 1809,1785 2711,3231 2759,3322 2863,3490
428,363 1649,1548 1662,1572 2458,2772 2782,3347 2926,3623 3074,3939
1492,1292 2406,2694 3045,3891 3202,4075 3219,4076 3251,4077 3295,4078
2369,2634 3037,3878 3123,4064 3169,4079 3172,4080 3248,4081 3292,4082
569,486 722,624 1751,1714 1868,1864 2351,2595 2409,2701 3039,3882
3055,3909 3123,4065 3169,4083 3172,4084 3248,4085 3292,4086 3300,4087
435,370 520,445 646,551 1670,1583 1870,1866 2344,2580 2461,2775
727,629 2623,3025 2853,3458 2984,3738 3002,3791 3089,3980 3213,4088
608,519 615,526 1652,1554 1667,1577 1921,1935 2920,3613 3137,4089
567,484 2363,2621 3145,4090 3178,4091 3205,4092 3209,4093 3264,4094
1373,1076 1915,1928 2372,2643 2731,3267 3046,3894 3068,3931 3258,4095
326,265 532,456 1805,1781 2672,3148 2706,3219 3134,4089 3293,4096
743,643 1913,1926 3116,4056 3202,4097 3219,4098 3230,4099 3295,4100
1600,1465 1630,1515 1705,1639 1711,1649 2768,3334 2900,3575 3197,4101
2464,2781 2947,3668 3202,4102 3219,4103 3227,4104 3230,4105 3295,4106
1959,1984 2044,2078 2507,2848 2513,2854 2532,2880 2580,2937 2799,3371
699,602 2155,2181 2271,2430 2789,3355 2960,3689 3256,4107 3283,4108
1233,997 1368,1068 1999,2038 2057,2092 2553,2904 2598,2957 2986,3742
2285,2458 2418,2716 2628,3039 3217,4109 3234,4110 3261,4111 3304,4112 3307,4113
2363,2622 2508,2849 2844,3428 3091,3984 3135,4090 3152,4114 3205,4115 3261,4116
2650,3100 3094,3996 3239,4117 3262,4118 3305,4119 3308,4120 3309,4121 3311,4122
1492,1293 2839,3412 2846,3433 3010,3808 3112,4046 3187,4123 3218,4124 3232,4125
3029,3863 3084,3957 3093,3990 3210,4126 3220,4127 3222,4128 3308,4129 3309,4130
80,32 2282,2452 2312,2514 2979,3717 2982,3729 3085,3962 3247,4131 3301,4132
2839,3413 2846,3434 2895,3563 3010,3809 3112,4047 3187,4133 3218,4134 3232,4135
79,31 1407,1142 1443,1207 1586,1441 2202,2283 2240,2363 2246,2378 2629,3042
2855,3464 3086,3965 3145,4114 3178,4136 3182,4137 3185,4138 3309,4139 3311,4140
2649,3096 2871,3511 3096,4008 3201,4141 3252,4142 3276,4143 3290,4144 3304,4145
185,133 2174,2215 2615,3003 2836,3404 2867,3502 3202,4146 3232,4147 3297,4148
1406,1140 1469,1250 1540,1369 1566,1406 2630,3047 2890,3551 2891,3552 3310,4149
2606,2975 2622,3022 3011,3813 3091,3985 3189,4150 3298,4151 3299,4152 3304,4153
1558,1395 3015,3824 3091,3986 3210,4154 3277,4155 3308,4156 3309,4157 3311,4158
1440,1201 1445,1210 2118,2145 2125,2151 2192,2261 3001,3787 3190,4159 3196,4160
70,22 2619,3012 2625,3031 3239,4161 3284,4162 3296,4163 3309,4164 3311,4165
74,26 260,200 1373,1077 1487,1284 1515,1332 3164,4166 3309,4167 3311,4168
179,127 3105,4030 3220,4169 3221,4170 3222,4171 3260,4172 3294,4173 3298,4174
3029,3864 3107,4032 3115,4052 3220,4175 3222,4176 3255,4177 3294,4178 3311,4179
2270,2428 2275,2438 2328,2545 3111,4044 3238,4180 3241,4181 3265,4182 3288,4183
1656,1561 2084,2119 2320,2528 2419,2718 2914,3599 3160,4166 3257,4184 3284,4185
2329,2549 2616,3005 3246,4186 3265,4187 3286,4188 3287,4189 3288,4190 3310,4191
1741,1696 2469,2789 2784,3351 2937,3646 3058,3916 3065,3924 3071,3937 3229,4192
644,549 1657,1562 1663,1573 1801,1776 2493,2823 2719,3246 2924,3620 3048,3900
513,438 735,636 1560,1399 1925,1937 2346,2584 2398,2678 2615,3004 3047,3899
2929,3625 3055,3910 3129,4079 3131,4083 3172,4193 3248,4194 3292,4195 3300,4196
1630,1516 1831,1816 2003,2042 2068,2108 2536,2885 2749,3302 2917,3606 3062,3922
1741,1697 2469,2790 2784,3352 2937,3647 3058,3917 3065,3925 3071,3938 3229,4197
3055,3911 3123,4066 3129,4080 3131,4084 3169,4193 3248,4198 3292,4199 3300,4200
458,388 2473,2796 2715,3240 2779,3342 2948,3671 3046,3895 3068,3932 3223,4201
1745,1704 2397,2675 2697,3203 2925,3622 2942,3658 2959,3687 3199,4202 3256,4203
738,639 2371,2640 2471,2793 2721,3248 2793,3359 3200,4204 3229,4205 3266,4206
2582,2940 2739,3278 2951,3675 2971,3698 3060,3920 3079,3949 3205,4207 3261,4208
1608,1479 1855,1846 2185,2246 2407,2696 2421,2721 2432,2739 2708,3224 2742,3285 3052,3904
2363,2623 2508,2850 2844,3429 2906,3582 3091,3987 3135,4091 3152,4136 3205,4209 3261,4210
1953,1975 2613,2995 3086,3966 3115,4053 3183,4211 3185,4212 3211,4213 3304,4214 3306,4215
2644,3082 2671,3143 3182,4216 3211,4217 3233,4218 3245,4219 3277,4220 3295,4221 3306,4222
2587,2948 2837,3406 2983,3732 3076,3940 3206,4223 3235,4224 3272,4225 3297,4226 3303,4227
1947,1968 2564,2921 2855,3465 3078,3946 3086,3967 3152,4137 3180,4216 3185,4228 3210,4229
2885,3539 3179,4211 3221,4230 3232,4231 3255,4232 3260,4233 3284,4234 3305,4235 3311,4236
201,149 1418,1162 1453,1224 1476,1264 1534,1359 1588,1444 2318,2525 2651,3104 3016,3829
2846,3435 2855,3466 3086,3968 3152,4138 3179,4212 3182,4228 3305,4237 3309,4238 3311,4239
130,82 1377,1085 2181,2236 2638,3069 2688,3185 2995,3772 3088,3975 3237,4240 3279,4241
212,159 2229,2341 2274,2434 2839,3414 2895,3564 3010,3810 3147,4123 3150,4133 3281,4242
2257,2401 2610,2986 2613,2996 2990,3755 2991,3761 2996,3775 3189,4243 3217,4244 3304,4245
2308,2506 3011,3814 3156,4150 3188,4243 3217,4246 3234,4247 3298,4248 3299,4249 3304,4250
2220,2325 2414,2711 2847,3440 2877,3526 2903,3579 2978,3712 3035,3877 3158,4159 3272,4251
2281,2449 2487,2817 2501,2836 2753,3312 2811,3387 2973,3700 2974,3702 3007,3801 3106,4031
1808,1783 2649,3097 3252,4252 3267,4253 3270,4254 3278,4255 3282,4256 3290,4257 3291,4258
2987,3743 3204,4259 3250,4260 3267,4261 3270,4262 3274,4263 3282,4264 3291,4265 3299,4266
294,233 465,393 598,510 749,649 750,650 768,666 1941,1957 2408,2699 2762,3327
364,302 433,368 1599,1462 1620,1497 1676,1594 2338,2568 2403,2687 3199,4267 3289,4268
1746,1706 2623,3026 2711,3232 2853,3459 2984,3739 3002,3792 3089,3981 3158,4160 3213,4269
1900,1906 1938,1952 2168,2198 2486,2816 2697,3204 2768,3335 2941,3656 3033,3873 3139,4101
561,479 1604,1472 1756,1723 1933,1948 2462,2776 2463,2779 2678,3161 3018,3834 3019,3835
1621,1499 1737,1689 2795,3362 3031,3870 3059,3918 3120,4063 3174,4202 3195,4267 3289,4270
1632,1520 1926,1939 2413,2708 2776,3340 2793,3360 2908,3584 2923,3618 3175,4204 3266,4271
78,30 137,89 1509,1323 1579,1427 2228,2339 2851,3450 3153,4141 3259,4272 3307,4273 3311,4274
2353,2600 2934,3640 3042,3885 3067,3927 3124,4070 3128,4075 3138,4097 3140,4102 3154,4146 3306,4275
1404,1136 1413,1153 1485,1280 1561,1400 2629,3043 2660,3118 2869,3508 2870,3510 3088,3976 3310,4276
2987,3744 3193,4259 3250,4277 3267,4278 3270,4279 3278,4280 3282,4281 3291,4282 3299,4283 3305,4284
2042,2075 2607,2977 2971,3699 3116,4057 3135,4092 3145,4115 3176,4207 3178,4209 3216,4285 3261,4286
1915,1929 2779,3343 2842,3422 2983,3733 3046,3896 3068,3933 3181,4223 3244,4287 3295,4288 3303,4289
2165,2192 3252,4290 3271,4291 3276,4292 3278,4293 3290,4294 3291,4295 3305,4296 3307,4297 3311,4298
1427,1180 1466,1246 2319,2527 2861,3484 2862,3488 2892,3555 2976,3707 3016,3830 3021,3842 3310,4299
2356,2606 2524,2870 2723,3250 2792,3357 2828,3400 2837,3407 2881,3530 2966,3695 3135,4093 3297,4300
1859,1851 3022,3843 3093,3991 3148,4126 3157,4154 3182,4229 3221,4301 3259,4302 3307,4303 3308,4304
2287,2462 2607,2978 3091,3988 3179,4213 3180,4217 3233,4305 3245,4306 3294,4307 3295,4308 3306,4309
205,153 1496,1300 2195,2269 2198,2275 2199,2277 2295,2481 2634,3056 2674,3153 3100,4017 3297,4310
2853,3460 2872,3514 2984,3740 3001,3788 3002,3793 3089,3982 3101,4018 3133,4088 3196,4269 3224,4311
121,73 267,207 286,225 1496,1301 1527,1347 2175,2219 2289,2469 2850,3447 2988,3750 3027,3860
1647,1544 1730,1678 2204,2289 2259,2405 2750,3305 2919,3611 2998,3784 3049,3902 3056,3914 3297,4312
2136,2164 2243,2369 2581,2938 2689,3186 2806,3382 2842,3423 3205,4285 3233,4313 3272,4314 3275,4315
207,155 1436,1196 1479,1269 2285,2459 2983,3734 3144,4109 3188,4244 3189,4246 3251,4316 3311,4317
1498,1304 2229,2342 2239,2362 2850,3448 2895,3565 3083,3954 3147,4124 3150,4134 3253,4318 3254,4319
1942,1959 2758,3319 3011,3815 3124,4071 3128,4076 3138,4098 3140,4103 3251,4320 3283,4321 3297,4322
3148,4127 3161,4169 3162,4175 3221,4323 3222,4324 3260,4325 3305,4326 3307,4327 3308,4328 3311,4329
2685,3174 3029,3865 3093,3992 3161,4170 3183,4230 3210,4301 3220,4323 3222,4330 3294,4331 3308,4332
3029,3866 3148,4128 3161,4171 3162,4176 3220,4324 3221,4330 3260,4333 3308,4334 3309,4335 3311,4336
2178,2227 2226,2336 2466,2783 2695,3197 2715,3241 2780,3346 2867,3503 2948,3672 3173,4201 3297,4337
82,34 1445,1211 2203,2288 2330,2552 2623,3027 2896,3567 2984,3741 3002,3794 3089,3983 3213,4311
2987,3745 3234,4338 3252,4339 3271,4340 3276,4341 3278,4342 3282,4343 3290,4344 3291,4345 3307,4346
446,378 478,406 1691,1621 1717,1656 1719,1658 1801,1777 2711,3233 2795,3363 2863,3491 3289,4347
330,269 454,385 559,477 618,528 1648,1546 2350,2591 2947,3669 3140,4104 3228,4348 3290,4349
305,244 309,248 342,281 1782,1755 2350,2592 2730,3263 2931,3631 2947,3670 3227,4348 3290,4350
1614,1489 2913,3597 2922,3615 2930,3629 2944,3660 2945,3663 3166,4192 3171,4197 3175,4205 3266,4351
456,387 1708,1643 2751,3307 2796,3366 3013,3820 3067,3928 3138,4099 3140,4105 3251,4352 3295,4353
77,29 1463,1241 1505,1315 1552,1388 2265,2416 2291,2472 2310,2511 2608,2983 3003,3795 3014,3822 3241,4354
2636,3063 2850,3449 3083,3955 3147,4125 3150,4135 3154,4147 3183,4231 3253,4355 3254,4356 3255,4357 3294,4358
1505,1316 2168,2199 2243,2370 2248,2382 2636,3064 2671,3144 2689,3187 3180,4218 3211,4305 3216,4313 3263,4359
221,168 1520,1341 2307,2503 2851,3451 3084,3958 3144,4110 3189,4247 3225,4338 3250,4360 3298,4361 3311,4362
2179,2229 2644,3083 2671,3145 2707,3221 2840,3418 3009,3804 3078,3947 3181,4224 3243,4363 3251,4364 3283,4365
1997,2035 2022,2060 2211,2303 2214,2312 2545,2893 2548,2897 2627,3036 2783,3348 2813,3388 2814,3389 2952,3679
100,52 1395,1118 2182,2238 2211,2304 2232,2348 2299,2489 2638,3070 2894,3559 3087,3972 3088,3977 3186,4240
54,6 69,21 1396,1120 1423,1171 1524,1344 2272,2431 3163,4180 3265,4366 3286,4367 3287,4368 3288,4369
90,42 109,61 202,150 2217,2317 2650,3101 2885,3540 3107,4033 3115,4054 3146,4117 3159,4161 3311,4370
103,55 2320,2529 2622,3023 2981,3723 3020,3837 3252,4371 3281,4372 3290,4373 3298,4374 3307,4375 3311,4376
173,121 1428,1181 2184,2243 2232,2349 2241,2365 2265,2417 2322,2533 2875,3523 3117,4058 3163,4181 3231,4354
102,54 112,64 230,176 1489,1287 2251,2390 2264,2414 2297,2485 2616,3006 2633,3055 2651,3105 2887,3546
1381,1093 1547,1380 2663,3125 3097,4012 3235,4363 3259,4377 3277,4378 3281,4379 3303,4380 3306,4381 3311,4382
1635,1525 2295,2482 2689,3188 2751,3308 2758,3320 2951,3676 3079,3950 3206,4287 3245,4383 3251,4384 3283,4385
2473,2797 2779,3344 2961,3691 3046,3897 3068,3934 3102,4019 3180,4219 3211,4306 3244,4383 3258,4386 3304,4387
1391,1110 1582,1432 1584,1436 2639,3071 2852,3455 2866,3501 2889,3549 2896,3568 3025,3855 3165,4186 3280,4388
2173,2213 2654,3108 2669,3140 2859,3478 2868,3505 2975,3706 2979,3718 2993,3769 3085,3963 3149,4131 3301,4389
2369,2635 2745,3291 2929,3626 3037,3879 3055,3912 3123,4067 3129,4081 3131,4085 3169,4194 3172,4198 3292,4390
824,714 1002,856 1092,917 1093,918 1094,919 1899,1904 1979,2012 2066,2105 2149,2174 2713,3236 2770,3336
2987,3746 3193,4260 3204,4277 3234,4360 3252,4391 3271,4392 3276,4393 3278,4394 3282,4395 3290,4396 3291,4397 3307,4398
2206,2293 2901,3576 3067,3929 3093,3993 3124,4072 3128,4077 3217,4316 3219,4320 3230,4352 3235,4364 3244,4384 3306,4399
2709,3226 3153,4142 3192,4252 3207,4290 3225,4339 3240,4371 3250,4391 3267,4400 3270,4401 3271,4402 3274,4403 3304,4404
1478,1267 2254,2393 2255,2395 2287,2463 2641,3077 2686,3179 2839,3415 2893,3556 3112,4048 3218,4318 3232,4355 3306,4405
1478,1268 2254,2394 2255,2396 2287,2464 2641,3078 2686,3180 2839,3416 2893,3557 3112,4049 3218,4319 3232,4356 3306,4406
1583,1434 2331,2554 3162,4177 3183,4232 3232,4357 3260,4407 3281,4408 3284,4409 3296,4410 3308,4411 3309,4412 3311,4413
2268,2423 2397,2676 2502,2839 2536,2886 2676,3155 2749,3303 2884,3536 2917,3607 2959,3688 3142,4107 3174,4203 3289,4414
2619,3013 3095,4001 3164,4184 3260,4415 3281,4416 3284,4417 3296,4418 3298,4419 3299,4420 3308,4421 3309,4422 3311,4423
2731,3268 2760,3326 2802,3376 2953,3680 2965,3693 2978,3713 3077,3943 3136,4095 3245,4386 3263,4424 3272,4425 3303,4426
218,165 1438,1199 2610,2987 3103,4023 3201,4272 3210,4302 3243,4377 3298,4427 3299,4428 3307,4429 3309,4430 3311,4431
2685,3175 3009,3805 3029,3867 3161,4172 3183,4233 3220,4325 3222,4333 3255,4407 3257,4415 3284,4432 3294,4433 3309,4434
2646,3090 2739,3279 2915,3602 2951,3677 3060,3921 3079,3951 3094,3997 3144,4111 3145,4116 3176,4208 3178,4210 3205,4286
228,174 2269,2425 2278,2443 2294,2479 2625,3032 2632,3053 2650,3102 2858,3472 3103,4024 3108,4037 3146,4118 3311,4435
1499,1305 1551,1385 2354,2603 2500,2833 2705,3216 3041,3883 3077,3944 3102,4020 3233,4359 3258,4424 3272,4436 3275,4437
2327,2544 2356,2607 2523,2869 2524,2871 2723,3251 2792,3358 2828,3401 2837,3408 2881,3531 2966,3696 3135,4094 3297,4438
110,62 240,184 2201,2280 2233,2352 2272,2432 2667,3136 3024,3850 3163,4182 3165,4187 3238,4366 3286,4439 3287,4440
2721,3249 2733,3271 2887,3547 2913,3598 2922,3616 2930,3630 2944,3661 2945,3664 3175,4206 3200,4271 3229,4351 3273,4441
3192,4253 3193,4261 3204,4278 3252,4400 3268,4442 3271,4443 3276,4444 3278,4445 3282,4446 3290,4447 3291,4448 3307,4449 3311,4450
2127,2153 2243,2371 2709,3227 2871,3512 2874,3517 2931,3632 3267,4442 3270,4451 3274,4452 3276,4453 3278,4454 3282,4455 3304,4456
123,75 162,113 1369,1070 1441,1203 1473,1258 1502,1311 1573,1416 2167,2197 2170,2205 2620,3018 2678,3162 3014,3823 3019,3836
3096,4009 3192,4254 3193,4262 3204,4279 3252,4401 3268,4451 3278,4457 3282,4458 3290,4459 3291,4460 3299,4461 3307,4462 3311,4463
2604,2968 2649,3098 3207,4291 3225,4340 3250,4392 3252,4402 3267,4443 3274,4464 3276,4465 3278,4466 3282,4467 3290,4468 3291,4469 3311,4470
135,87 272,212 2309,2509 2977,3709 3023,3849 3102,4021 3181,4225 3190,4251 3216,4314 3258,4425 3263,4436 3275,4471 3303,4472 3304,4473
632,537 1631,1518 1686,1610 1791,1766 1821,1800 1916,1930 2340,2572 2447,2758 2944,3662 2945,3665 2954,3682 2958,3685 3070,3936 3266,4441
155,106 2604,2969 3096,4010 3193,4263 3252,4403 3268,4452 3271,4464 3276,4474 3278,4475 3282,4476 3290,4477 3291,4478 3305,4479 3307,4480 3311,4481
1434,1192 1452,1222 1470,1252 1471,1254 1551,1386 1567,1408 2168,2200 2224,2331 2840,3419 2849,3444 3026,3858 3097,4013 3216,4315 3263,4437 3272,4471
1804,1780 2604,2970 2649,3099 2846,3436 2871,3513 3096,4011 3153,4143 3207,4292 3225,4341 3250,4393 3267,4444 3268,4453 3271,4465 3274,4474 3278,4482
143,94 253,194 1472,1256 1499,1306 2213,2310 2661,3121 2665,3130 3013,3821 3157,4155 3180,4220 3243,4378 3303,4483 3305,4484 3308,4485 3311,4486
3192,4255 3204,4280 3207,4293 3225,4342 3250,4394 3267,4445 3268,4454 3270,4457 3271,4466 3274,4475 3276,4482 3282,4487 3291,4488 3299,4489 3307,4490
83,35 149,100 1475,1262 2201,2281 2215,2313 2225,2334 2227,2338 2299,2490 2662,3122 2843,3427 2995,3773 3087,3973 3088,3978 3110,4043 3186,4241
233,179 241,185 2180,2232 2188,2253 2241,2366 2288,2466 2603,2966 2611,2990 2670,3141 2886,3544 3025,3856 3109,4041 3246,4388 3302,4491 3310,4492
1763,1734 1972,1999 2320,2530 2601,2961 2840,3420 2858,3473 2893,3558 2914,3600 3010,3811 3187,4242 3240,4372 3243,4379 3255,4408 3257,4416 3294,4493
3192,4256 3193,4264 3204,4281 3225,4343 3250,4395 3267,4446 3268,4455 3270,4458 3271,4467 3274,4476 3278,4487 3290,4494 3291,4495 3299,4496 3307,4497
1928,1941 2295,2483 2531,2877 2535,2884 2717,3243 2723,3252 2746,3295 2951,3678 3079,3952 3124,4073 3142,4108 3219,4321 3235,4365 3244,4385 3297,4498 3306,4499
2619,3014 2635,3057 3093,3994 3095,4002 3159,4162 3164,4185 3183,4234 3255,4409 3257,4417 3260,4432 3294,4500 3296,4501 3299,4502 3308,4503 3309,4504 3311,4505
140,91 145,96 177,125 231,177 252,193 1376,1083 2169,2203 2311,2513 2314,2520 2336,2565 2602,2965 2640,3074 2680,3163 2997,3781 3030,3869 3098,4016
119,71 283,222 1426,1177 2172,2209 2202,2284 2219,2323 2234,2354 2247,2381 2328,2546 2629,3044 2894,3560 3024,3851 3117,4059 3165,4188 3238,4367 3265,4439
108,60 1423,1172 1454,1225 2172,2210 2202,2285 2240,2364 2660,3119 2880,3529 2894,3561 3024,3852 3028,3861 3117,4060 3165,4189 3238,4368 3265,4440 3288,4506
210,158 257,197 1382,1095 1385,1100 1426,1178 1570,1412 2236,2359 2298,2488 2328,2547 2660,3120 2875,3524 3024,3853 3163,4183 3165,4190 3238,4369 3287,4506
341,280 395,331 1599,1463 1618,1494 1620,1498 1621,1500 2359,2614 2687,3183 2765,3332 2884,3537 2938,3648 2940,3655 3195,4268 3199,4270 3226,4347 3256,4414
2709,3228 2730,3264 3153,4144 3192,4257 3207,4294 3225,4344 3227,4349 3228,4350 3240,4373 3250,4396 3267,4447 3270,4459 3271,4468 3274,4477 3282,4494 3299,4507 3304,4508
2604,2971 2931,3633 3192,4258 3193,4265 3204,4282 3207,4295 3225,4345 3250,4397 3267,4448 3270,4460 3271,4469 3274,4478 3278,4488 3282,4495 3299,4509 3304,4510 3307,4511
1669,1580 1747,1707 2349,2590 2370,2638 2745,3292 2929,3627 2939,3651 3037,3880 3055,3913 3066,3926 3123,4068 3129,4082 3131,4086 3169,4195 3172,4199 3248,4390 3300,4512
541,464 576,492 629,534 642,547 746,646 747,647 757,656 1636,1527 1654,1557 1686,1611 1818,1796 1944,1962 2384,2659 2499,2830 2798,3370 2958,3686 3137,4096
148,99 1583,1435 2223,2330 2331,2555 3161,4173 3162,4178 3211,4307 3221,4331 3232,4358 3260,4433 3281,4493 3284,4500 3296,4513 3305,4514 3307,4515 3308,4516 3309,4517 3311,4518
2206,2294 2353,2601 2689,3189 2751,3309 2758,3321 2934,3641 3042,3886 3067,3930 3124,4074 3128,4078 3138,4100 3140,4106 3180,4221 3206,4288 3211,4308 3230,4353 3297,4519 3306,4520
1412,1151 2263,2411 2684,3171 2842,3424 2990,3756 2991,3762 2996,3776 3015,3825 3107,4034 3108,4038 3114,4050 3159,4163 3255,4410 3257,4418 3284,4501 3294,4513 3308,4521 3309,4522 3311,4523
127,79 159,110 1495,1299 2165,2193 2174,2216 2204,2290 2867,3504 3154,4148 3181,4226 3209,4300 3212,4310 3215,4312 3219,4322 3223,4337 3264,4438 3283,4498 3295,4519 3303,4524 3306,4525
271,211 2606,2976 2637,3066 2851,3452 2864,3493 2865,3496 2874,3518 2981,3724 3011,3816 3020,3838 3103,4025 3156,4151 3161,4174 3189,4248 3234,4361 3240,4374 3257,4419 3259,4427 3304,4526 3311,4527
1494,1297 1839,1825 2134,2161 2601,2962 2748,3298 2864,3494 2865,3497 2874,3519 3011,3817 3156,4152 3189,4249 3193,4266 3204,4283 3257,4420 3259,4428 3270,4461 3278,4489 3282,4496 3284,4502 3290,4507 3291,4509
382,318 383,319 427,362 648,553 721,623 1669,1581 1747,1708 1795,1772 1828,1810 2472,2794 2744,3289 2745,3293 2909,3588 2929,3628 2956,3684 3037,3881 3123,4069 3131,4087 3169,4196 3172,4200 3292,4512
224,171 1511,1327 1563,1403 1564,1405 1577,1424 2187,2250 2190,2259 2209,2297 2212,2307 2261,2408 2302,2494 2312,2515 2618,3010 2668,3139 2868,3506 2979,3719 2982,3730 3028,3862 3085,3964 3149,4132 3247,4389 3302,4528
57,9 266,206 1387,1104 1555,1393 1567,1409 2180,2233 2209,2298 2288,2467 2603,2967 2611,2991 2618,3011 2659,3117 2670,3142 2690,3191 2852,3456 2886,3545 2980,3722 2989,3753 2997,3782 3017,3832 3104,4029 3280,4491 3301,4528
2046,2081 2354,2604 2466,2784 2560,2914 2587,2949 2705,3217 2796,3367 2821,3395 2953,3681 2961,3692 2965,3694 3026,3859 3076,3941 3077,3945 3102,4022 3181,4227 3206,4289 3243,4380 3258,4426 3272,4472 3277,4483 3297,4524 3304,4529
114,66 1479,1270 2865,3498 2978,3714 2981,3725 3020,3839 3084,3959 3095,4003 3144,4112 3153,4145 3156,4153 3179,4214 3188,4245 3189,4250 3245,4387 3252,4404 3268,4456 3272,4473 3290,4508 3291,4510 3298,4526 3303,4529 3306,4530 3307,4531 3308,4532 3309,4533 3311,4534
1420,1166 1442,1204 1514,1331 2159,2186 2210,2300 2257,2402 2269,2426 2613,2997 2635,3058 2683,3169 2748,3299 2842,3425 2874,3520 2983,3735 3010,3812 3094,3998 3095,4004 3108,4039 3114,4051 3146,4119 3183,4235 3185,4237 3204,4284 3207,4296 3220,4326 3274,4479 3277,4484 3294,4514
1655,1559 2179,2230 2230,2345 2531,2878 2644,3084 2671,3146 2707,3222 2712,3235 2717,3244 2789,3356 2840,3421 2901,3577 3009,3806 3012,3819 3045,3892 3078,3948 3097,4014 3179,4215 3180,4222 3202,4275 3211,4309 3243,4381 3251,4399 3253,4405 3254,4406 3283,4499 3295,4520 3297,4525 3304,4530
1389,1107 1402,1131 1403,1133 1578,1425 2274,2435 2307,2504 2628,3040 2864,3495 2981,3726 3020,3840 3022,3844 3091,3989 3103,4026 3144,4113 3201,4273 3207,4297 3210,4303 3220,4327 3225,4346 3240,4375 3250,4398 3259,4429 3267,4449 3270,4462 3274,4480 3278,4490 3282,4497 3291,4511 3294,4515 3304,4531
1486,1281 2196,2271 2294,2480 2607,2979 2635,3059 2643,3080 2684,3172 2685,3176 2857,3469 2858,3474 2990,3757 2991,3763 2996,3777 3015,3826 3029,3868 3094,3999 3095,4005 3103,4027 3107,4035 3146,4120 3148,4129 3157,4156 3210,4304 3220,4328 3221,4332 3222,4334 3255,4411 3257,4421 3277,4485 3284,4503 3294,4516 3296,4521 3304,4532 3309,4535
1558,1396 2193,2263 2216,2315 2263,2412 2274,2436 2625,3033 2684,3173 2857,3470 2858,3475 2990,3758 2991,3764 2996,3778 3015,3827 3022,3845 3084,3960 3086,3969 3093,3995 3095,4006 3146,4121 3148,4130 3152,4139 3157,4157 3159,4164 3160,4167 3185,4238 3222,4335 3255,4412 3257,4422 3259,4430 3260,4434 3284,4504 3294,4517 3296,4522 3304,4533 3308,4535
58,10 59,11 61,13 71,23 95,47 97,49 125,77 156,107 157,108 181,129 192,140 193,141 195,143 217,164 234,180 1372,1075 1397,1122 1411,1149 1462,1239 1493,1295 1506,1318 1507,1320 1529,1352 1531,1356 1545,1376 1566,1407 1582,1433 1584,1437 1592,1450 2171,2207 2187,2251 2201,2282 2241,2367 2256,2399 2275,2439 2293,2478 2630,3048 2639,3072 2645,3086 2654,3109 2666,3135 2691,3193 2879,3528 3025,3857 3109,4042 3111,4045 3155,4149 3165,4191 3203,4276 3208,4299 3280,4492
52,4 104,56 115,67 261,201 1370,1071 1388,1106 1389,1108 1402,1132 1403,1134 1405,1138 1416,1158 1421,1168 1425,1176 1429,1183 1442,1205 1461,1237 1486,1282 1490,1289 1504,1314 1526,1346 1527,1348 1548,1381 1578,1426 1579,1428 2186,2249 2193,2264 2196,2272 2197,2273 2210,2301 2216,2316 2228,2340 2231,2347 2263,2413 2601,2963 2607,2980 2619,3015 2632,3054 2635,3060 2637,3067 2643,3081 2665,3131 2676,3156 2685,3177 2842,3426 2844,3430 2851,3453 2857,3471 2874,3521 2882,3534 2885,3541 2981,3727 2987,3747 2990,3759 2991,3765 2996,3779 3008,3803 3009,3807 3015,3828 3020,3841 3022,3846 3084,3961 3086,3970 3094,4000 3095,4007 3103,4028 3107,4036 3108,4040 3115,4055 3146,4122 3152,4140 3157,4158 3159,4165 3160,4168 3162,4179 3183,4236 3185,4239 3201,4274 3207,4298 3217,4317 3220,4329 3222,4336 3234,4362 3239,4370 3240,4376 3243,4382 3255,4413 3257,4423 3259,4431 3262,4435 3267,4450 3270,4463 3271,4470 3274,4481 3277,4486 3284,4505 3294,4518 3296,4523 3298,4527 3304,4534
